genre,window_start,window_end,window_label,n_tracks,danceability,energy,key,mode,valence,tempo,duration_ms,eligible_window
blues,1955,1959,1955_1959,43,0.09725211679275629,-0.008812175661874052,-0.14093423786031342,0.19119658284009833,-0.025192061360270312,-0.18354696865485892,-0.2640264316928187,True
classic rock,1955,1959,1955_1959,26,0.6447543051685585,1.4941008938849216,-0.14662035910651156,0.48100959408820015,1.4846829382160773,0.25118464070561053,-0.6915727169646867,True
country,1955,1959,1955_1959,23,1.1053070409122687,0.4654831295649949,-0.2519596882801502,0.554229097517509,0.7810625980046842,0.1595450120070166,-0.5427851439701239,True
jazz,1955,1959,1955_1959,179,-0.338038882920314,-0.44468207979682056,0.102974084422642,-0.292335619227171,-0.41170287639191727,-0.05925156063499627,0.3868832564349415,True
rock,1955,1959,1955_1959,22,0.6930375001985353,1.027331303907613,-0.45982695502312687,0.45039052901776183,0.9388934789970727,0.2757411318362349,-0.713972979637313,True
soul,1955,1959,1955_1959,20,-0.10522642035183905,0.3470793749135014,0.2901512906184975,0.430488136721977,-0.04425703370483254,0.3766361410207638,-0.2941260915752295,True
blues,1956,1960,1956_1960,53,-0.03856867817105325,0.027745088852069492,-0.17254899069575805,0.12991529459658008,-0.06735989580429488,-0.19828444408131157,-0.2983687841148379,True
classic rock,1956,1960,1956_1960,28,0.5158778640150896,1.4113597320806328,-0.10153215552207648,0.5413856628648184,1.3836674805720814,0.2652967538542764,-0.6660817156815328,True
country,1956,1960,1956_1960,30,0.9822470393595545,0.3018940506151582,-0.027648344409901784,0.6227205981308944,0.6178423638962534,0.018232128229602195,-0.5625262760215098,True
jazz,1956,1960,1956_1960,172,-0.3317928252993744,-0.46157648138921475,0.0655087996141587,-0.323980218163781,-0.45017546049895424,-0.058500244407550445,0.5205563965294377,True
rock,1956,1960,1956_1960,26,0.601989891441584,0.954456834112425,-0.28811826776472366,0.3654206586834039,0.8985064219868171,0.31009345804458543,-0.6964314311975469,True
soul,1956,1960,1956_1960,29,0.032865541566900185,0.3580013353921549,0.24457288026690052,0.47302224744721133,0.14935460240700235,0.28189359368378464,-0.37165374861097444,True
blues,1957,1961,1957_1961,47,-0.01003269049101017,0.07789353589320291,-0.27831738435199643,0.08366689703795609,0.03253382261570803,-0.24875607986038317,-0.37982611910287045,True
classic rock,1957,1961,1957_1961,26,0.5281219184261908,1.1176108118951715,-0.08027393089416071,0.43057739871274864,1.23050695166115,0.19407682663139855,-0.6433235262978344,True
country,1957,1961,1957_1961,36,0.6991845124314355,0.08086684684358064,0.1860612816849155,0.559323653705424,0.446162231511328,0.00822319439085908,-0.565317992721559,True
jazz,1957,1961,1957_1961,149,-0.3503152277541869,-0.4341463430771904,0.02850369795289783,-0.3320867781542169,-0.483669821279665,-0.0420874859474076,0.6231548409462336,True
rock,1957,1961,1957_1961,21,0.7346551665509761,0.96749698481131,-0.12134431414233605,0.37145922039978546,0.9034653037454858,0.2150007527009034,-0.6854011981368318,True
soul,1957,1961,1957_1961,34,0.10406756695206629,0.4159729230795456,0.2069991241251617,0.4257088428516811,0.266185502745379,0.3466236891465463,-0.4369350926458699,True
blues,1958,1962,1958_1962,40,0.14196294776034896,0.2811707382455028,-0.14506925548412228,-0.027864565857057388,0.3725869077105711,-0.08146418619721749,-0.4140058229696425,True
classic rock,1958,1962,1958_1962,32,0.48852575078712035,0.9489868194479256,-0.00235742837753547,0.4969450916658332,1.02611432429028,0.20862294091960085,-0.6130655819956506,True
country,1958,1962,1958_1962,38,0.43569778890516386,-0.1205996782768291,0.10365435524927614,0.5187515871307733,0.29786972862773586,0.11861597192824955,-0.511201554740566,True
jazz,1958,1962,1958_1962,126,-0.3933658872731044,-0.5374783033049483,-0.019131874601637015,-0.39965954462014114,-0.654889401290423,-0.10363455537994476,0.8125782881889365,True
rock,1958,1962,1958_1962,22,0.6954010627549994,0.9834131073529494,0.003390458790163647,0.3337267771252213,0.8543024481870151,0.2104954207159401,-0.6519131632166908,True
soul,1958,1962,1958_1962,31,0.0817146741215115,0.36510089227439696,0.15002780146473665,0.421208553653192,0.3017529683651574,0.09155155210826517,-0.41730700086331507,True
blues,1959,1963,1959_1963,29,0.23145117721313063,0.3694502608372266,0.005177766602934859,-0.03736409356607698,0.29856414183215785,-0.1878329004092134,-0.3964930932445815,True
classic rock,1959,1963,1959_1963,48,0.23922240849887724,0.8546649180677764,-0.2723570993548447,0.4612445874677204,0.7730033885696491,0.16991942071312316,-0.5262224284017547,True
country,1959,1963,1959_1963,37,0.4282417567400736,-0.2355267581620873,0.1906726208741411,0.5255536783844983,0.10245982894789915,0.1208260743495227,-0.46006092494220735,True
easy listening,1959,1963,1959_1963,23,-0.7766009180578586,-0.24991823109603678,0.3934199729378544,-0.024192262696719643,-0.4391678154428461,-0.19256630744092187,-0.43863630454314956,True
folk,1959,1963,1959_1963,20,-0.05341480868452773,-0.7081097191688007,0.19311408113459416,-0.2342829650629691,-0.2799839105805525,-0.04374807461850404,-0.2569577104773596,True
jazz,1959,1963,1959_1963,113,-0.384922706033558,-0.6231709844711119,0.026036097116153796,-0.4830790341563876,-0.769967938699219,-0.04519161579376496,1.0291850834666096,True
pop,1959,1963,1959_1963,22,0.3222077470743543,0.48626195772684233,-0.2695056463991387,0.44460517233540725,0.4677019651803133,-0.18210908634414896,-0.5789966545395765,True
rock,1959,1963,1959_1963,22,0.5492784411084315,0.9082315592304077,0.004233837348632196,0.14509569995377064,0.8526910948948392,0.16543656041301677,-0.6403955310442527,True
soul,1959,1963,1959_1963,32,0.07857632110832338,0.44237751857378566,0.08207850303940459,0.4383653916607898,0.37286266701428405,-0.09052717838319332,-0.39721983694810675,True
blues,1960,1964,1960_1964,36,0.13855531759864062,0.19032941709814893,0.04863701793077086,-0.19825037643924293,0.1308536626058524,-0.19447633260040267,-0.19640704024974492,True
bossa nova,1960,1964,1960_1964,20,0.13685804740740293,-0.00012232070039582265,-0.16336707940582212,-0.9317767692644422,-0.1749290460819525,-0.06394213758600945,-0.30244847200011005,True
classic rock,1960,1964,1960_1964,83,0.14021680197259312,0.7717917160968296,-0.12095437963044321,0.23898158884654477,0.5727528333315709,0.25949660535028446,-0.387006886834934,True
country,1960,1964,1960_1964,25,0.051385063549573375,-0.6987236686191857,0.4460214422407568,0.4812267032304153,-0.11432705678602606,0.004205735361729132,-0.4164194934246057,True
easy listening,1960,1964,1960_1964,26,-0.5360354020288683,-0.6358215304557653,0.2098208128646743,-0.049763252385558884,-0.5351676542134111,-0.23857059855431403,-0.2935484269538263,True
folk,1960,1964,1960_1964,29,-0.10222161317478608,-0.8113252617711143,0.21099781420699085,-0.06512398935662965,-0.35553351948944506,-0.03329982951862997,-0.09139773299274125,True
jazz,1960,1964,1960_1964,78,-0.41060950870086554,-0.6520265239169524,-0.11254677700313259,-0.5546194741680847,-0.9149857500205574,-0.1822998231521843,1.3508090727997668,True
pop,1960,1964,1960_1964,26,0.26726002834153445,0.3468244678039723,-0.27941941175823265,0.39569811977549324,0.4017719420762884,-0.13980105610584428,-0.4988481238477202,True
rock,1960,1964,1960_1964,21,0.2377188795834536,0.5994538891964487,-0.25774764101081704,0.13266378573753868,0.6935641670454891,0.11908911898832877,-0.3952912489705631,True
singer-songwriter,1960,1964,1960_1964,20,-0.31515586397721934,-0.5328520971807882,-0.01545724405471074,0.342242755116167,-0.4405534346985826,0.48659810971191336,0.2883732046178772,True
soul,1960,1964,1960_1964,63,0.33349341180329534,0.29085987698107757,0.1038097342918997,0.3532732271887264,0.4306190767423741,-0.04389748738361509,-0.3408955785895508,True
blues,1961,1965,1961_1965,55,0.10552878697847182,-0.04176717358355189,0.19516202003906716,-0.07047853556571992,0.042381831854689286,-0.09071822857152025,0.035678176096250805,True
bossa nova,1961,1965,1961_1965,31,-0.020650346834233696,-0.4204254803597506,0.06645316400798132,-1.0146818793394596,-0.31418830909728973,0.04981997517669181,-0.349551679261662,True
classic rock,1961,1965,1961_1965,188,0.13321645364243595,0.6910467022570426,-0.08612218769641161,0.1562918558563496,0.4264520027897104,0.198411006696454,-0.27558750289981704,True
country,1961,1965,1961_1965,20,0.017192672014345406,-0.9335762095915587,0.22110463731451357,0.44917540617062446,-0.21444802067677027,0.11186456238020984,-0.35065076726828037,True
easy listening,1961,1965,1961_1965,29,-0.632265807020232,-0.8352714281710966,0.36674112326081293,0.002660653981971067,-0.7112986995013055,-0.33482633134551026,-0.22962318950758964,True
folk,1961,1965,1961_1965,31,0.0695346660038102,-0.7605854265157543,0.13089127788570307,0.11425690125957697,-0.23785231661690245,-0.038511586989531,-0.0923900459070125,True
jazz,1961,1965,1961_1965,84,-0.4475343329684506,-0.6748118400353524,-0.04116286971297582,-0.5451867039157332,-0.8931235469721708,-0.32373614524537614,1.3549386830170174,True
pop,1961,1965,1961_1965,31,0.12387691732929813,0.0983299266783672,-0.2465319605409531,0.41530724275265335,0.2820256672593113,-0.08615702191569556,-0.43473235225146845,True
rock,1961,1965,1961_1965,25,0.18500848141613208,0.7477886098564882,-0.14416741392377216,0.005878778322069471,0.654155904286171,0.08750433070206404,-0.46600008061241643,True
singer-songwriter,1961,1965,1961_1965,36,-0.3184150516148862,-0.7250854542106931,-0.03889803804607177,0.30659461943570915,-0.5814615771160396,0.3352788758227743,0.2939362906772761,True
soul,1961,1965,1961_1965,73,0.39703265466815857,0.10433835414615215,0.0006279283051030765,0.310145822094113,0.34777696095059196,-0.10211347718927426,-0.2349142207673206,True
blues,1962,1966,1962_1966,67,0.0038687707235771688,-0.17792393839437565,0.04476775210185247,0.03763632359726875,-0.10965217529554001,0.07094391275118143,0.1681456142636936,True
bossa nova,1962,1966,1962_1966,36,-0.08165009689898632,-0.5952519488460967,0.049784448737897787,-0.8800232622522466,-0.44905297207729256,0.01692979410662034,-0.255850103021352,True
classic rock,1962,1966,1962_1966,272,0.06924184533575803,0.5403883467113717,-0.058606762508758015,0.13001759796669723,0.3162495734143721,0.1597259737866114,-0.2066279951866002,True
easy listening,1962,1966,1962_1966,31,-0.6935147878003451,-0.8951292061469931,0.31775002803928665,-0.006536492836737675,-0.7740443749913282,-0.40495298322528805,-0.16058276685437434,True
folk,1962,1966,1962_1966,39,0.058435728734871246,-0.7281259324517675,0.14951196757972193,0.056069979686075265,-0.19587956436378598,-0.0675169098286561,-0.1172994275021263,True
jazz,1962,1966,1962_1966,79,-0.4188183596323437,-0.6847273759531148,0.052823496428811324,-0.6340421035084302,-0.8485874883831223,-0.3651205368015978,1.3269107269632046,True
pop,1962,1966,1962_1966,46,0.1865669484909136,0.08500026538561939,-0.06086331371301497,0.33606691114679793,0.17781231996204186,-0.020529331317089686,-0.3675863100462673,True
rock,1962,1966,1962_1966,23,0.21255120850534218,0.754903222410877,-0.0483371519261192,-0.012970359578212522,0.6789759677893434,0.04284542366872629,-0.4711005737177667,True
singer-songwriter,1962,1966,1962_1966,43,-0.391981446590781,-0.7821532410013817,0.0017674952214639416,0.26533178319255996,-0.7187332620003405,0.2683659292004881,0.5163089244569526,True
soul,1962,1966,1962_1966,87,0.5286300661631982,-0.015348421663532391,-0.04790521531277794,0.269010489677461,0.34667241512656427,-0.15445864582286817,-0.18112903899435662,True
blues,1963,1967,1963_1967,86,0.052431477803133314,-0.16126398085985819,0.14328910921034294,0.06049627612431429,-0.10671646125348548,0.03641410870735661,0.11587892565603874,True
bossa nova,1963,1967,1963_1967,47,-0.0826888759176186,-0.6862309218894617,0.022173794176937083,-0.6713426030364472,-0.32343167913660664,0.08739003461282185,-0.3133906076294998,True
classic rock,1963,1967,1963_1967,358,0.0982500741053891,0.4926711563733206,-0.09313461944009993,0.14501056837169687,0.30693193527599194,0.1485667843299113,-0.2124710357935223,True
easy listening,1963,1967,1963_1967,32,-0.7379365274046017,-0.8424050051892459,0.24548240247369293,-0.05064187156459573,-0.6438095367940944,-0.3943344863415504,-0.10296611884568588,True
folk,1963,1967,1963_1967,37,0.02370581797410211,-0.7797518009076431,0.10119743336097564,0.09779637248461003,-0.0045456396140552005,-0.007376788415749721,-0.14530467058665722,True
jazz,1963,1967,1963_1967,84,-0.34291906911695974,-0.6532977367168729,0.08465163515368637,-0.5227617782715006,-0.6833931043138785,-0.31676221914254293,1.1794582169274512,True
mpb,1963,1967,1963_1967,20,-0.5113040482768962,-0.3491002502692341,-0.0813672214347075,-0.09343835231644466,-0.3942517343884354,-0.24117202985619465,0.029471646882331455,True
pop,1963,1967,1963_1967,47,0.15304759080105865,0.0537781265096562,0.08398932588538162,0.2999250452324647,0.2356596324088041,0.006941330423156978,-0.3747515785977349,True
progressive rock,1963,1967,1963_1967,25,-0.7832453692882437,0.13439105554217043,-0.33413093059053717,-0.321686249659639,-0.507167703144753,0.10328970785994834,0.56103035078055,True
psychedelic rock,1963,1967,1963_1967,104,-0.2867594872776238,0.16227113407801597,0.22592729676977155,-0.02320823005700026,-0.35238312366561314,-0.12897909421370163,0.29308643042552435,True
rock,1963,1967,1963_1967,30,0.1504833870415523,0.5895363407818776,-0.047471704881243755,-0.09343835231644466,0.46962477986944867,0.11847434407767195,-0.4736455027994193,True
samba,1963,1967,1963_1967,20,0.48684982668944954,0.28762046223859083,-0.3573735705129123,-0.6640580956744304,0.8841556420205412,-0.4001380280601844,-0.6519031828478224,True
singer-songwriter,1963,1967,1963_1967,63,-0.4003644356135265,-0.8703246561521505,0.02815910756458014,0.08408779006159535,-0.7466889844841865,0.25030385869634075,0.494676005157839,True
soul,1963,1967,1963_1967,110,0.6665990532968887,-0.05817603701061678,-0.09061145322201579,0.19705897157489355,0.4233306544088762,-0.09766192710522749,-0.2405518997867946,True
blues,1964,1968,1964_1968,109,0.05877375229278129,-0.20152296948606938,0.07625742931957859,-0.0838200175878468,-0.02340756779771756,0.05434497404809497,0.26142723202929746,True
bossa nova,1964,1968,1964_1968,45,-0.11197147751333054,-0.748217314817375,0.08202855118945664,-0.6600910664768114,-0.3333831767111244,0.17207691526961538,-0.31532001719599645,True
classic rock,1964,1968,1964_1968,448,0.14989862168518145,0.40319536262396233,-0.08318650631533661,0.13017673960915102,0.2851774726760511,0.09715380057799874,-0.18089466960547576,True
country,1964,1968,1964_1968,24,0.3642487119510694,-0.4476995250647163,-0.21965978900835156,0.5745731955162529,0.2617485858362106,-0.18435734314476637,-0.2795319787422775,True
easy listening,1964,1968,1964_1968,24,-0.7057000442962966,-0.8496951692221395,0.03308443216800371,-0.004175677292996037,-0.7526320383300833,-0.3873644506074729,-0.11928518427989225,True
experimental,1964,1968,1964_1968,24,-0.3477977043248727,0.24923013157320928,0.2497223360334511,-0.10063382276120418,-0.39672743101030106,-0.3180310154119458,-0.10733914257974471,True
folk,1964,1968,1964_1968,40,-0.0038876690825419696,-0.7497481118628373,0.074004925120366,0.053699209987928855,-0.22089585686895252,-0.0745265302116432,-0.17552047779424457,True
jazz,1964,1968,1964_1968,72,-0.19794898632391325,-0.6172911221707316,0.16547426230799933,-0.29355011369762046,-0.5996373848622825,-0.366865926421526,0.8589634947155915,True
mpb,1964,1968,1964_1968,32,-0.42751625864403286,-0.19492632664168183,-0.15346487393835376,-0.004175677292996033,-0.16909021424890935,-0.09330063941769237,0.03930869706110447,True
pop,1964,1968,1964_1968,46,-0.06186799899123705,0.01428547843733296,0.2115228988784326,0.02098731717697131,0.09087146675174154,0.07023346304612443,-0.23913861255932298,True
progressive rock,1964,1968,1964_1968,34,-0.7155973721430782,0.14223021920237075,-0.2139960529595817,-0.24248403668503968,-0.419719498562818,0.2021169168715989,0.5235300538885523,True
psychedelic rock,1964,1968,1964_1968,160,-0.4114279991776276,0.16981768080222245,0.15885477080099958,-0.004175677292996032,-0.3136410279917537,-0.11252851170527867,0.344726707264096,True
rock,1964,1968,1964_1968,26,-0.0005252462042221248,0.590027523021228,-0.004873491158848182,-0.13773310947974576,0.19209400816130426,-0.04392510606242825,-0.3603711812002696,True
samba,1964,1968,1964_1968,20,0.19593631911475054,0.27743822827210385,-0.18596055951817086,-0.6986743246640946,0.5713540982214724,-0.5508469593708682,-0.5022613092709258,True
singer-songwriter,1964,1968,1964_1968,72,-0.38778948437014504,-0.9016050620027948,-0.04715182852290272,-0.10063382276120418,-0.7926202714960032,0.03918337069486034,0.40771435837858166,True
soul,1964,1968,1964_1968,144,0.709864420703765,-0.09923469674575357,-0.0431400154883574,0.15658789848735089,0.49986404951746444,0.0219597690363106,-0.29656000450817455,True
blues,1965,1969,1965_1969,123,0.05758233822032866,-0.1852033341611905,0.11181069266558226,-0.09991824771267926,0.00167524957748809,0.16200331397231182,0.20908659583499448,True
bossa nova,1965,1969,1965_1969,47,0.025963452358430957,-0.6752449817294537,0.08058023106595931,-0.7260469683839156,-0.04213085758237398,0.18497877079539554,-0.32027267710718815,True
classic rock,1965,1969,1965_1969,491,0.21352623352215036,0.35971376128961435,-0.05955835613470961,0.1363359961856757,0.29586823503255527,0.07685195272584787,-0.16926746299601866,True
country,1965,1969,1965_1969,32,0.36665013310532163,-0.519429223868745,-0.1379080403225293,0.588348405414552,0.21368186379625706,-0.2305671154308084,-0.2830676413729609,True
easy listening,1965,1969,1965_1969,22,-0.9373425343131462,-0.5821718654925008,-0.0190332996116063,-0.035657479116033584,-0.7636753674390578,-0.21086469033395616,-0.17704537479329652,True
experimental,1965,1969,1965_1969,29,-0.3165499829450482,0.30589632514800585,0.21304046474711874,-0.042829960547419624,-0.3276358945190239,-0.15480283352984292,-0.149312463315715,True
folk,1965,1969,1965_1969,46,0.04294831455049912,-0.7874815401112979,-0.05083925030349205,-0.10800598746740582,-0.3562974136285622,0.060031954500435025,0.06995912761507124,True
funk,1965,1969,1965_1969,20,0.8508223762652417,0.4251580547752184,0.06875112429799839,0.016343011261515217,0.6558330935669674,0.14160063256401045,0.15450569710499223,True
hard rock,1965,1969,1965_1969,41,-0.3248190638215841,0.6232216962628585,0.33067700702015224,0.14190517095364524,-0.5064229995614291,0.1316725199913949,0.4640152801301683,True
jazz,1965,1969,1965_1969,70,-0.19191799968938703,-0.5658540142254205,0.16907618019468948,-0.2941742027072762,-0.4477203461489903,-0.24061925155892488,0.897736969969089,True
latin,1965,1969,1965_1969,20,-0.3060199813768257,-0.2817296559281734,-0.238494359385618,-0.6700634617221289,-0.22768369181150097,0.06354517274764525,-0.005165847755817804,True
mpb,1965,1969,1965_1969,46,-0.39576857498376605,-0.10769214386990854,-0.3116480459769552,0.14069200999043627,-0.013861899034967245,0.057974293786173976,-0.05508519904366918,True
pop,1965,1969,1965_1969,51,-0.005856586290159585,-0.07255026124536108,0.23341863842908692,0.04999038738816444,0.07348524183652913,-0.0453202119985083,-0.26551570735282165,True
progressive rock,1965,1969,1965_1969,76,-0.6978741484911466,0.0333552025469169,-0.10373756829631256,-0.16429027110260166,-0.3899019740738058,0.003972029666669982,0.3872044188764438,True
psychedelic rock,1965,1969,1965_1969,181,-0.37370969157283523,0.18385088702376187,0.12808240159970175,-0.005778744313464107,-0.301287615199551,-0.08050712053300543,0.18046869306942862,True
rock,1965,1969,1965_1969,29,-0.08064903248074776,0.5930973614342391,0.10204866440164154,-0.12172725629266609,0.2499267287733662,-0.09442490064927225,-0.11644744144176498,True
samba,1965,1969,1965_1969,29,0.06248188128410884,0.49614202319839923,0.011237191391705674,-0.5951110307641447,0.7975506510885265,-0.5304347461228814,-0.3195508651613949,True
singer-songwriter,1965,1969,1965_1969,101,-0.40615412434552967,-0.988500654717483,-0.10305139510264709,-0.045954605923468984,-0.8048134834789886,-0.11526069457657445,0.17003697793385578,True
soul,1965,1969,1965_1969,133,0.6730755838225978,-0.13412078370265962,-0.09603718023406653,0.10665965244357366,0.426490276452423,-0.0023580201806054136,-0.2957193816109715,True
soundtrack,1965,1969,1965_1969,21,0.012660298185903914,-0.032899991770357954,-0.032967335152813394,0.2614881801842453,0.11872129373595211,0.03275506139244401,-0.47819436369551727,True
blues,1966,1970,1966_1970,121,0.07164310450468063,-0.050314939106025976,0.06300192274826778,-0.05317910503138504,0.07501742633538777,0.12879349633818926,0.19345966959728733,True
bossa nova,1966,1970,1966_1970,43,0.103117436528155,-0.5714460448047213,0.028200338393991307,-0.5273152895360145,0.12760152049106338,0.19436526325046696,-0.2923674031837618,True
classic rock,1966,1970,1966_1970,535,0.23003591736548443,0.2572923263737244,-0.06320579418088094,0.1832750286439898,0.2338939965342113,0.060603675976748,-0.1448189123623398,True
country,1966,1970,1966_1970,43,0.35178099911955785,-0.5009059543961196,0.07613032530142573,0.536085606201894,0.19847738569456277,-0.33566574220428785,-0.2884139331938051,True
easy listening,1966,1970,1966_1970,23,-0.7377163756081551,-0.5865647690440504,-0.05813317839579738,-0.0071735470555157705,-0.6577377224874109,-0.13880023807839284,-0.22170176358624422,True
experimental,1966,1970,1966_1970,37,-0.3672576324985847,0.21122554665133156,0.187165044005907,-0.1522509195527792,-0.2725556343667151,-0.10654280730268913,-0.17537599090051129,True
folk,1966,1970,1966_1970,55,-0.05472262562659009,-0.8388674790284748,-0.1910326666553386,0.04885465033652503,-0.3043462005088421,0.05255522797117094,-0.13538392601434038,True
funk,1966,1970,1966_1970,44,0.987197720969741,0.6840313202528586,0.16094150343308727,-0.2940921385389505,0.8064421507150697,-0.10352603742146944,-0.021039533806586363,True
hard rock,1966,1970,1966_1970,64,-0.2693630395671422,0.6174863285857977,0.20109064831009402,0.19629578873564046,-0.29775323582459473,0.07875519335570154,0.3018129020259773,True
jazz,1966,1970,1966_1970,67,-0.14178674775201736,-0.45610775758121963,0.18680873856528815,-0.29796987247015216,-0.5300746090196732,-0.13190665110047856,1.2843550132478847,True
latin,1966,1970,1966_1970,21,-0.12793370086169586,-0.289241408831442,-0.25807536571980066,-0.7172083066320697,-0.16631302981725024,0.13616319181418546,-0.028172091928167133,True
mpb,1966,1970,1966_1970,68,-0.3311053646600113,-0.18474257496102772,-0.2708586135284461,-0.08318903308077034,-0.0668179797617196,-0.05981461461073462,-0.23932172998114964,True
pop,1966,1970,1966_1970,51,-0.04311427460855897,-0.10115750636889861,0.3093358918510436,0.006470258128504292,0.04834718453859703,-0.08374710985250487,-0.3292781623027475,True
progressive rock,1966,1970,1966_1970,127,-0.6474372323662538,0.026661402584849066,-0.0684144383643017,-0.1848499616960109,-0.3431717816255179,0.07670160694286647,0.39676346873036705,True
psychedelic rock,1966,1970,1966_1970,207,-0.345647809882456,0.20917621242573106,0.11112682367828261,-0.00717354705551576,-0.24438045950767742,-0.016502742582323714,0.15125758126976316,True
rock,1966,1970,1966_1970,32,0.0020325639200951887,0.2620861795513843,-0.12093895122423097,-0.05376957815272711,0.008787777619657667,-0.17011487980043563,-0.0024658734278799575,True
samba,1966,1970,1966_1970,33,0.16301958325885715,0.3989810517720472,0.0427245768507896,-0.5192592221440607,0.7713111236319242,-0.5114318379507443,-0.3869199047877579,True
singer-songwriter,1966,1970,1966_1970,127,-0.2547171619767205,-0.9370156875522819,-0.08000605499545849,-0.1488450494781132,-0.577793917198653,-0.17600655641252116,-0.037395242197438484,True
soul,1966,1970,1966_1970,153,0.5254591935306693,-0.04288017798523144,-0.012032208972753365,0.0662431189346874,0.4042853501098601,-0.02375209921810067,-0.298389832667295,True
blues,1967,1971,1967_1971,149,0.16977561595870538,0.005401104044105741,0.06005569205099453,-0.072296396186131,0.15162290284925958,0.06499596400748252,0.058957786350478464,True
bossa nova,1967,1971,1967_1971,50,0.16322565174430528,-0.3695813960608686,0.05755662405031914,-0.5560944062886716,0.28106375959093244,0.19775670762597547,-0.36152918981480303,True
classic rock,1967,1971,1967_1971,521,0.22921488767080223,0.25624400900821376,-0.07079986744334421,0.2323417317363413,0.21133861582682573,0.06512148108094146,-0.13515113621671815,True
country,1967,1971,1967_1971,52,0.3489294774859353,-0.4662249345931688,0.05442377798697243,0.5441177961728447,0.25656252835413396,-0.1690178795938867,-0.3291581324368299,True
easy listening,1967,1971,1967_1971,26,-0.7076961831327442,-0.689037796015386,-0.023897373596695005,0.14804140328669882,-0.7778670391550127,-0.2129230318664878,-0.3075516334173249,True
experimental,1967,1971,1967_1971,38,-0.33178290340098027,0.20555582160127336,0.21342160451020706,-0.19476155663815256,-0.3247199479364114,-0.047714253605179384,-0.1440842996607702,True
folk,1967,1971,1967_1971,56,-0.03415825144007979,-0.9502891335309095,-0.17454571108160635,0.13861101297988582,-0.4310358498397119,0.05422283704554816,-0.15882114444777048,True
funk,1967,1971,1967_1971,75,0.9564839012333987,0.7037897440689591,0.16616195424633798,-0.3272502681766762,0.7819880961409839,-0.04391704994087563,-0.04500293952492504,True
glam rock,1967,1971,1967_1971,36,-0.18724673753285215,0.017160188047344427,-0.007735866127049339,0.14315157127575875,0.04318321144570051,0.3353277083468766,0.038627992519736726,True
hard rock,1967,1971,1967_1971,91,-0.2779326972691713,0.6728686067081059,0.12635136617605477,0.13546754954428147,-0.1929313626288369,0.0695772053647902,0.19676125401436073,True
jazz,1967,1971,1967_1971,77,-0.3202976992829164,-0.3167480309524012,0.16878137779466496,-0.2737542358907552,-0.5611873294618747,-0.10301076965848772,1.2519539218186122,True
latin,1967,1971,1967_1971,23,-0.11485376393290275,-0.18843791688577097,-0.4033414620144627,-0.6058431319651923,-0.1984359443574663,0.14536904676068954,-0.11104122770143367,True
mpb,1967,1971,1967_1971,73,-0.28068901587375,-0.03594123491578397,-0.231118894029412,-0.10154098127169445,0.006356056313404687,-0.09827300557232496,-0.280413054800614,True
pop,1967,1971,1967_1971,48,-0.2847060607325758,-0.27693549449803234,0.273070326158044,-0.031659923115348834,-0.12222446902039519,-0.300807680753193,-0.3872054320778034,True
progressive rock,1967,1971,1967_1971,190,-0.5217499322568067,0.0005315816253232132,0.03734623365669908,-0.23089484160320445,-0.2520080468590562,0.051538355209069894,0.5215091553799778,True
psychedelic rock,1967,1971,1967_1971,205,-0.34351127317640257,0.15180109313958082,0.04563652683368291,-0.0258457935901457,-0.26238052628619646,0.004112318299174117,0.14407613219515536,True
rock,1967,1971,1967_1971,36,0.021436534266654934,0.15433655473394295,-0.1774316945583288,-0.047551877150904066,0.08961745052555174,0.002020609320799264,-0.11584611413513997,True
samba,1967,1971,1967_1971,36,0.1373289047678573,0.44372056069348176,0.11347543989529313,-0.4289587740042297,0.6662712274728667,-0.43849179501294483,-0.3408310421002721,True
singer-songwriter,1967,1971,1967_1971,160,-0.15592980834467426,-0.9499895323567014,-0.08935147884875994,-0.09840613006468082,-0.4899330337870217,-0.14636586432061155,-0.1237681664396985,True
soft rock,1967,1971,1967_1971,21,0.2945014005947131,-0.4314111768480065,0.10077711259771437,0.15223268786750457,0.008120622752751626,-0.18580124580709176,-0.29029777703672904,True
soul,1967,1971,1967_1971,150,0.43785591762835036,-0.02449000869394473,-0.035533658974839885,0.06941290455078246,0.3578545540243069,-0.04946534061234776,-0.3236061620205631,True
blues,1968,1972,1968_1972,137,0.08784596173440626,-0.006227249196819043,0.011738791994386879,-0.03244259431976313,0.11763579736130315,0.10056824687054594,0.07343689557681674,True
bossa nova,1968,1972,1968_1972,44,0.20325676791015376,-0.20674289806303203,0.012935271122099412,-0.6635092274102875,0.17751390155227628,0.1433169760147711,-0.3920087244368274,True
classic rock,1968,1972,1968_1972,508,0.20545616356604518,0.22599507167404118,-0.0766386206138476,0.26166403140080513,0.21829421766629192,0.0469681004568664,-0.1461070885631915,True
country,1968,1972,1968_1972,65,0.40732502246176044,-0.5055309583871485,0.1354952300164936,0.4806923650947897,0.24669244090097328,-0.23696357830471396,-0.3524156364688353,True
easy listening,1968,1972,1968_1972,23,-0.7176102596261622,-0.8222977668534246,-0.14528088622680987,0.38718861785682757,-0.9565050705893688,-0.46111179104412264,-0.3203484439066672,True
experimental,1968,1972,1968_1972,35,-0.3611200053993333,0.10208921561176265,0.23567592775121768,-0.19923535194004008,-0.3744634272051041,-0.01046916219990062,-0.15771867129427444,True
folk,1968,1972,1968_1972,60,0.01740375750186962,-1.0340861496788096,-0.2891103010996682,0.16633072308300725,-0.5643761779964394,-0.003234402248436109,-0.18434651646994762,True
funk,1968,1972,1968_1972,95,0.935866653519003,0.6348734717333022,0.20183741092809637,-0.3543065856497381,0.7722547819188076,-0.15546316048986003,-0.03989745849609665,True
glam rock,1968,1972,1968_1972,69,-0.1635387726260838,0.14399346335924593,-0.0323915199021827,0.12149490985824675,0.010802316360634282,0.29845674789003124,-0.12838132381209413,True
hard rock,1968,1972,1968_1972,116,-0.29541842408156704,0.6443098133371093,0.10201603023336478,0.0925778144834012,-0.1271753236982976,0.2082398625415772,0.1282046052558124,True
jazz,1968,1972,1968_1972,78,-0.3591619986748399,-0.2940955968000525,0.1798790834432701,-0.3830676606198274,-0.5761537525585847,-0.17774570967445985,1.2439117213329867,True
latin,1968,1972,1968_1972,22,-0.01936292887034595,-0.06502847877290957,-0.5443847065664009,-0.6635092274102875,-0.05907096206264526,0.15900136425315853,-0.20656984556164615,True
metal,1968,1972,1968_1972,20,-0.7784758991063782,0.206497986903951,0.2542220379331207,-0.2156039821649527,-0.43227052373659325,0.4079595922440845,0.636534818846205,True
mpb,1968,1972,1968_1972,89,-0.02746218942266824,0.023131383130611128,-0.18840716100251015,-0.1602449069099113,0.14677623389621364,-0.0848192371864514,-0.4090249581430252,True
pop,1968,1972,1968_1972,53,-0.23927129015568502,-0.18900734389841037,0.29042000141184554,-0.018871577386286517,-0.1271765922557033,-0.23149080973727698,-0.3584432141253351,True
progressive rock,1968,1972,1968_1972,231,-0.5805542423907232,0.03233435925300443,0.09505020340897649,-0.16749012968566424,-0.2993341392398537,0.0471965514873328,0.5933165756197543,True
psychedelic rock,1968,1972,1968_1972,130,-0.48991278020047424,0.1552060628033909,-0.017629064305885303,-0.04814030371007793,-0.3745793535422344,0.07843868527773161,0.2424035727571246,True
rock,1968,1972,1968_1972,39,-0.11518735003719523,0.08223521420573367,-0.2565621419200321,-0.0011329553718674823,-0.03780071407202927,0.06312511133878103,-0.024702282088082835,True
samba,1968,1972,1968_1972,48,0.4054605969410112,0.5476559963307117,0.19051271499343528,-0.36837786426413666,0.8166786342995286,-0.296565961229608,-0.28668656533241094,True
singer-songwriter,1968,1972,1968_1972,157,-0.052380712781750625,-0.9295007847602089,-0.0786497952751191,-0.04117902441795441,-0.4168501287300541,-0.18633190323267784,-0.2154506268823913,True
soft rock,1968,1972,1968_1972,42,0.267387633938471,-0.24782369648730734,0.17248177453880734,-0.12284841089044814,0.016245617810559287,0.02561329212239423,-0.2502864101484535,True
soul,1968,1972,1968_1972,164,0.38403367689178264,-0.07347130560662217,-0.01281179240956443,0.013556840983823292,0.26611854627878245,-0.032814295562855644,-0.24079755792496346,True
blues,1969,1973,1969_1973,146,0.06874113106241565,-0.03772649006633696,-0.035695955716093984,0.11684131172308422,0.10481346500092584,0.04111779038185766,-0.032136476361768904,True
bossa nova,1969,1973,1969_1973,46,0.08689322369770736,-0.3995248481048916,-0.021889649677929973,-0.4372568305834816,0.02291879526395798,0.00863642023416921,-0.4013534767201281,True
classic rock,1969,1973,1969_1973,506,0.15985536511029225,0.20504739462335927,-0.09814785728115998,0.24885427267838464,0.20183435969524843,0.0859560272723842,-0.12234969247661126,True
country,1969,1973,1969_1973,61,0.42504965015683976,-0.5949078656238782,0.19998124501500075,0.44984299616686024,0.2204411270674181,-0.31960504562949626,-0.38989220783314216,True
easy listening,1969,1973,1969_1973,27,-0.5765996335387955,-0.9106326053788348,-0.1072111600090176,0.17843279899573367,-0.8256501560631394,-0.4295366398128021,-0.3615948729531563,True
experimental,1969,1973,1969_1973,24,-0.13896192516592074,-0.022118478423282906,0.18208208595732636,-0.2522758958805275,-0.0059711609385653735,0.11440217094393369,-0.1122157247504393,True
folk,1969,1973,1969_1973,52,0.06135902107446767,-1.0854107182233148,-0.30984974704535073,0.16227112188968257,-0.44844084910063614,-0.022813518094771494,-0.23101183044029278,True
funk,1969,1973,1969_1973,125,0.9400156099228864,0.4988821602969089,0.21538947055282473,-0.3453089739737999,0.7594375926191842,-0.14467732393124616,0.11836065393759834,True
glam rock,1969,1973,1969_1973,114,-0.22221866025659376,0.35725491108588164,0.09935670710835243,0.08112249052561561,0.0044058303780303435,0.22861378615799494,-0.1254194416882886,True
hard rock,1969,1973,1969_1973,159,-0.26381081150696384,0.6369099496506752,0.04149779313879785,0.09914909998491707,-0.09481332070715606,0.13723391017600034,0.11163854556864349,True
jazz,1969,1973,1969_1973,83,-0.4788341816181482,-0.18784290506714102,0.15504968725867796,-0.4675669596432428,-0.5698261105519472,-0.13441838293236127,1.2387718050043237,True
latin,1969,1973,1969_1973,20,0.054442030851987754,0.006922641441998589,-0.4682278005974322,-0.762823275660681,-0.10881656876061778,-0.00466227186169488,-0.231520559519124,True
metal,1969,1973,1969_1973,26,-0.8954474591301707,0.07924761703776792,0.24391967096891992,-0.18682110360102064,-0.4413842914243499,0.35218596604398833,0.5856836039328402,True
mpb,1969,1973,1969_1973,90,0.09269734095020686,-0.052152205092758426,-0.21066349128546136,-0.1577300848101287,0.19334348857804073,-0.14808650517466113,-0.48935861658229857,True
pop,1969,1973,1969_1973,69,0.08451475789133299,-0.17147738732212514,0.1992970917782048,0.17112491021734533,0.07328307233962555,-0.17136257606715746,-0.44036855883261156,True
progressive rock,1969,1973,1969_1973,259,-0.5895277584100903,-0.04134926291044092,0.07261462938087605,-0.1548097508774523,-0.3393424108884479,-0.017773984611207626,0.5691356012929666,True
psychedelic rock,1969,1973,1969_1973,89,-0.41320259588553343,0.000482678284740026,-0.041302689949890926,-0.14073308506713567,-0.5579551003626037,0.1377162885806932,0.3046536339958637,True
punk,1969,1973,1969_1973,27,-0.6518186146653833,1.2302859581358183,0.14875337098424526,-0.0736893638586631,0.04451342735216279,0.26917122220776063,-0.04982421317214913,True
reggae,1969,1973,1969_1973,28,1.597017265877895,-0.06870220368941962,-0.05274251725301075,-0.049677729301101516,0.7806658866008281,0.08709885451398407,-0.21761502757435663,True
rock,1969,1973,1969_1973,48,-0.08710641544986399,0.02761628205666297,-0.15387136097133114,0.031361537330668876,-0.14758320580223053,0.02520830501487215,-0.0679286857692462,True
samba,1969,1973,1969_1973,47,0.5098805948164253,0.5565742158487008,0.07613931963863878,-0.2703804128940081,0.8414478476161537,-0.24986436414933963,-0.3510356460904023,True
singer-songwriter,1969,1973,1969_1973,164,-0.05374988279949243,-0.9206763272498967,-0.034180629443612574,0.05903348203420023,-0.3692054593618353,-0.15430521521141907,-0.2497413041938514,True
soft rock,1969,1973,1969_1973,49,0.17326429704908083,-0.3588817472889218,0.10152182062239319,-0.049677729301101516,-0.03195033405985362,0.08760890863794514,-0.26338571435465513,True
soul,1969,1973,1969_1973,152,0.2622209699855156,-0.14335817095731215,-0.010522803729216004,-0.08806475033720328,0.10759546891323882,-0.0851937852487224,-0.18044444611920316,True
blues,1970,1974,1970_1974,142,0.1220029366494164,-0.0881434567448192,-0.08211418294700812,0.16657093692397035,0.07139733758972801,-0.024730313558723994,-0.07919200968080976,True
bossa nova,1970,1974,1970_1974,47,0.10100609465057447,-0.5771868496701829,0.038643196359639025,-0.20346741814878883,-0.11666366054368686,-0.05595721936615877,-0.37503709025732535,True
classic rock,1970,1974,1970_1974,474,0.10887468936811717,0.15988400117221493,-0.1156781615422539,0.277915473130603,0.17117386267313855,0.09945946844479206,-0.10634072403493423,True
country,1970,1974,1970_1974,67,0.36266081072587947,-0.596183314410928,0.17968257589962164,0.4086556765175564,0.199159107340947,-0.30584595298607153,-0.38565679998831437,True
disco,1970,1974,1970_1974,20,0.38347304647457664,0.8321517739161625,0.0838002241321742,0.04777447047301625,0.838556541649878,0.4715132931379122,-0.33541176615736684,True
easy listening,1970,1974,1970_1974,29,-0.6991810504304992,-1.0540091183622138,-0.035556039276787674,0.2998414556091786,-0.9531113423115742,-0.5136894995829372,-0.3476945643353978,True
experimental,1970,1974,1970_1974,29,-0.27942907637718223,-0.007855053789741101,0.003738203820812944,-0.08795390613876349,-0.18820638481862204,-0.1946092031201248,0.010097258859929927,True
folk,1970,1974,1970_1974,43,0.12548754364759088,-1.073050599340027,-0.3869196781378908,0.24392677554319625,-0.3521127083731888,-0.15083148749054065,-0.3561532894592617,True
funk,1970,1974,1970_1974,141,0.9088849734546359,0.45029647179221977,0.18815639793313352,-0.36298607759120466,0.7319780249813067,-0.14910325830528978,0.10707701447574622,True
glam rock,1970,1974,1970_1974,159,-0.25743096611138505,0.443216203133331,0.07188529523064544,0.08667595487477522,0.017034184517772322,0.16711717741788681,-0.1953730780233139,True
hard rock,1970,1974,1970_1974,178,-0.3408041516476818,0.671247571954027,-0.07832716062600181,0.04145645615240371,-0.014412844481683318,0.19726853986039797,0.08553843820355508,True
jazz,1970,1974,1970_1974,81,-0.4812648421925072,-0.21057899907638192,0.20214987575808022,-0.5006447725915117,-0.5936677836477267,-0.12830594957511166,1.2171133331835418,True
metal,1970,1974,1970_1974,26,-0.913818574768237,0.019265568799160096,0.24706024761749362,-0.16849601973256687,-0.46312686305685874,0.3268731217631155,0.5806967648035362,True
mpb,1970,1974,1970_1974,94,0.13393907344578038,-0.1996981423264131,-0.06439968580587747,-0.32310641273060076,0.04546051295671409,-0.26666799330855395,-0.5134533626356593,True
pop,1970,1974,1970_1974,77,0.006123851443447893,-0.10637830955629761,0.16168064847935046,0.20112990898242972,0.07894985719902417,0.02057825018547773,-0.4498312902773339,True
progressive rock,1970,1974,1970_1974,264,-0.6202329105575851,-0.020207463738411147,0.08121037629165051,-0.16521919412339134,-0.4015638443771732,0.0314640636968676,0.6299775231393663,True
psychedelic rock,1970,1974,1970_1974,82,-0.2662571697575958,0.009313968122281493,0.04315224644005258,-0.04822852761824259,-0.36243347234545664,0.19247091453827567,0.3183940882163549,True
punk,1970,1974,1970_1974,21,-0.7053766104789316,1.3796155881569259,0.07905216975788078,-0.03255456874620033,0.04789297751201976,0.2957747570023785,0.015392092153717845,True
reggae,1970,1974,1970_1974,28,1.5584165173075686,-0.2703866042032705,0.10618390903955739,-0.19321264718463352,0.6271503075475592,-0.013388467537092346,-0.20226764283824358,True
rock,1970,1974,1970_1974,46,0.03280277599259283,0.023688090245527715,-0.05926071853675325,-0.025569434901051062,-0.09977509272193281,0.08214825635192155,-0.21583582771586213,True
samba,1970,1974,1970_1974,57,0.7842835431448227,0.35008155462740376,-0.15085362099737892,-0.21857971220122818,0.9308079761673601,-0.12408365586047157,-0.3987060461955473,True
singer-songwriter,1970,1974,1970_1974,141,0.09163785122961862,-0.9183239655964839,0.030561401679990646,0.003906839126351877,-0.29943050073226324,-0.20046839263945987,-0.2781935018774164,True
soft rock,1970,1974,1970_1974,56,0.2197125483057234,-0.42637053180259193,0.06039909900172811,0.0076099508634079605,-0.028967971764241263,0.0449177904941954,-0.27381416457654456,True
soul,1970,1974,1970_1974,140,0.3043144779993974,-0.17591231789777037,0.06955606100929396,-0.11288360796541691,0.076900261145288,-0.044992180725191046,-0.12752708575945712,True
ambient,1971,1975,1971_1975,20,-1.0727413099297969,-0.9829371887518412,-0.48274215089068157,-0.16483034132536986,-1.4965956882420108,-0.08692679374997322,1.8017548504690428,True
blues,1971,1975,1971_1975,126,0.1381132695148039,-0.15616727282359558,-0.05543230089158414,0.13866975811226726,-0.0011567085996480914,0.033193225064846704,-0.14974681851194901,True
bossa nova,1971,1975,1971_1975,46,0.1899867539263699,-0.5048344979430861,0.02449700176803989,-0.1113532070995162,-0.009738697310894311,-0.12149614227876061,-0.40665675455811046,True
classic rock,1971,1975,1971_1975,397,0.07002955507380967,0.12719988220831366,-0.07773290534162307,0.24609986092262004,0.17669210181343312,0.1268884062890187,-0.06653919289826798,True
country,1971,1975,1971_1975,65,0.36711540248732744,-0.6173949588641107,0.017033434425883266,0.41145122400358486,0.18193717885745883,-0.1752468205491038,-0.44017705606265356,True
disco,1971,1975,1971_1975,31,0.5408618924238866,0.6796887838367107,0.10591358059438313,-0.10351198507226492,0.7273955499384509,0.09822603703817426,-0.06712241110620971,True
easy listening,1971,1975,1971_1975,31,-0.6129265168283462,-0.8922808647751127,-0.21301754327523398,0.25718422818129366,-0.7684109508884466,-0.44945456610792656,-0.3615041021047192,True
electronic,1971,1975,1971_1975,20,-0.6788360839655871,-0.2526890265704375,-0.3415012246055654,-0.16483034132536986,-1.1833233231277376,-0.13522397180378304,0.2887156797699946,True
experimental,1971,1975,1971_1975,22,-0.13771205748214782,0.10739381840107426,0.007749065844903596,0.10962668639574695,-0.11502870389535208,-0.29191739305995595,0.0776567146600113,True
folk,1971,1975,1971_1975,36,0.21811453385880616,-0.9681510841326177,-0.20339898557122962,0.2451610210728417,-0.4677588995881876,-0.1734717838499368,-0.2336200242170248,True
funk,1971,1975,1971_1975,142,0.9024623640864206,0.3615953663641922,0.20396725408991132,-0.29554461691711725,0.7060245599233668,-0.18216710279649675,0.11867436002966206,True
glam rock,1971,1975,1971_1975,162,-0.2093228232036744,0.4451375944928178,0.032002558237297286,0.1347256372618756,0.06951080711024374,0.1089425604608033,-0.22389849044223242,True
hard rock,1971,1975,1971_1975,226,-0.3758224408486014,0.621649608050608,-0.022021748866842522,-0.0549935563868305,0.02057906170561641,0.2129986595305236,0.05844565407630605,True
jazz,1971,1975,1971_1975,74,-0.43692551034407234,-0.2642579683524195,0.12955635116695707,-0.3189548583939851,-0.5146535601797563,-0.10825392451117476,0.7876434406674225,True
metal,1971,1975,1971_1975,20,-1.0734128728416785,0.004609658151704346,0.18109020264936432,0.058801310891836434,-0.4521273460576648,0.18889054588526252,0.40821265874607376,True
mpb,1971,1975,1971_1975,83,0.12556561289004925,-0.17794617630572498,-0.06820854073340091,-0.21737030781013522,0.16188558170963385,-0.21264108653062075,-0.5136998886805907,True
pop,1971,1975,1971_1975,82,0.03469050113794738,-0.0467180067262755,0.04157172668479838,0.26334245621245195,0.12903113427960078,-0.02001288218154246,-0.4271953423227741,True
progressive rock,1971,1975,1971_1975,256,-0.6137228130734075,0.001808807602543295,0.06633195004270745,-0.14211775164705986,-0.3878225417101453,0.005719840659120016,0.6507514262231373,True
psychedelic rock,1971,1975,1971_1975,65,-0.3519735000813826,-0.10157108756545083,0.030071058390663208,-0.17343155871833935,-0.5913591657588249,0.09048035254781324,0.45562081578188746,True
punk,1971,1975,1971_1975,21,-0.5150083116120471,1.0118078523401106,0.3055167329481571,-0.02106713632859439,-0.07644519231157623,0.26327216496328987,-0.16950187243700876,True
reggae,1971,1975,1971_1975,29,1.5272376607619846,-0.19354853410748188,0.1348216233490677,-0.2303775497338614,0.6221998893604049,-0.12994884927516612,-0.09513236559621585,True
rock,1971,1975,1971_1975,39,-0.13066769127359862,0.0027597128339540023,0.027173808620712114,0.1018073978566838,-0.15844221162966596,0.12800957783571873,-0.26649855504048325,True
samba,1971,1975,1971_1975,67,0.832828475861563,0.207533342814608,-0.15303945132363433,-0.3500774562217124,0.7466536825524536,-0.1340101329014776,-0.4134231134691924,True
singer-songwriter,1971,1975,1971_1975,109,0.08835091738405061,-0.9542574070544328,0.00551088602887591,0.10496380790914965,-0.39744632587990897,-0.18949788236259738,-0.23003445019472443,True
soft rock,1971,1975,1971_1975,63,0.22861436668743268,-0.3985986335131655,0.12616317576070804,0.08542412663198004,-0.0571809090024907,0.03994813458998644,-0.1840177380853982,True
soul,1971,1975,1971_1975,123,0.4090731748593132,-0.2381219588172621,0.0610928303177006,-0.2002841398476099,0.06896191231135854,-0.023153697609056768,-0.09089273273785757,True
ambient,1972,1976,1972_1976,22,-1.083078844918303,-1.096797068579759,-0.5191504710080707,-0.16628027260237277,-1.4608544495011009,0.2506972613778501,1.8769577263628527,True
blues,1972,1976,1972_1976,103,0.10002927565422494,-0.21159866265895416,-0.029749243475822754,0.1435256350827701,-0.08964374450298432,-0.01151475828220157,-0.057919500307079944,True
bossa nova,1972,1976,1972_1976,38,0.17322081053755528,-0.6930030721529145,0.11937578430408659,-0.0025579516426473183,-0.13432554932755117,-0.16075536322124312,-0.4504787660773209,True
classic rock,1972,1976,1972_1976,381,0.13494057222331268,0.10761404050682402,-0.06618898123516542,0.2135067183090283,0.22129056196797275,0.0932462805618657,-0.062419108383695715,True
country,1972,1976,1972_1976,61,0.4459758946576579,-0.5933005824345876,-0.03439412139027895,0.41934520543653947,0.26157697211846204,-0.27314869371373607,-0.44996512288563223,True
disco,1972,1976,1972_1976,52,0.6426812979858778,0.6747913763492682,0.05198274290355065,-0.2125937827497889,0.8062840819946246,-0.07895397458907535,0.036759378795093785,True
easy listening,1972,1976,1972_1976,34,-0.43116727147650535,-0.8496941850977313,-0.1797514773014963,0.24690888655594764,-0.5375382950322735,-0.1962841371349613,-0.35764651064590336,True
electronic,1972,1976,1972_1976,21,-0.6457430213490968,-0.3821152764323322,-0.2726100030031037,-0.09938298016721614,-1.2303139442358255,-0.22174043651569844,0.33733407155850237,True
experimental,1972,1976,1972_1976,24,-0.09214024480844975,-0.08418118539688839,-0.01794351210991325,0.3605359053244858,-0.21331041419428357,-0.29581435674536755,-0.03233789591211635,True
folk,1972,1976,1972_1976,31,0.20814530189997854,-0.9789516030899434,-0.22168758568286737,0.20920775590463545,-0.48657041766663167,-0.24930279464990018,-0.09534589777498967,True
funk,1972,1976,1972_1976,120,0.8753740824830479,0.22597431938231338,0.19928194502282134,-0.3201440452032331,0.6533920580734,-0.2559571514360188,0.19068913105128252,True
glam rock,1972,1976,1972_1976,153,-0.2642218999833647,0.4268328132649755,-0.014934208036250065,0.13147826431489304,-0.005290161200187673,0.08315333916749874,-0.19621290645051856,True
hard rock,1972,1976,1972_1976,254,-0.39563679446108824,0.6446533034352807,-0.02082522606537148,-0.050131823925585066,0.026174437201154657,0.2260022217962194,0.04374350692403531,True
jazz,1972,1976,1972_1976,63,-0.3127832393943246,-0.41131087593130977,0.03771207861508862,-0.27459017464024543,-0.47451721281323483,-0.23248634492863673,0.7496769140215154,True
metal,1972,1976,1972_1976,23,-1.0499988644008875,-0.262240624596666,0.29054538140798253,-0.03539426566402283,-0.7052747053510378,-0.07880324490439397,0.3546043073134448,True
mpb,1972,1976,1972_1976,88,0.10693112744899592,-0.34589419647120107,-0.04584796806569933,-0.1161073032760053,0.0419654196788926,-0.1796491342436445,-0.5223800846088344,True
pop,1972,1976,1972_1976,85,0.12021762731260449,0.040454581740072534,-0.0797499880843806,0.35079644657289677,0.2139423139059073,0.1197233067353692,-0.3958263600195101,True
progressive rock,1972,1976,1972_1976,234,-0.70330167859023,-0.0021244623696785522,0.02473874744375951,-0.1182514472643116,-0.5087518110959204,0.004997415438462649,0.623499746242138,True
psychedelic rock,1972,1976,1972_1976,54,-0.3329784689617488,-0.17268918709991213,0.09617855776054512,-0.18114633758796314,-0.5551269825169284,0.023288543855517506,0.3632737346827936,True
punk,1972,1976,1972_1976,42,-0.6223957739071988,0.952013288463541,0.48295680441510364,0.0057413365166014375,0.17244564411597446,0.6812125625819302,-0.40271573620213114,True
reggae,1972,1976,1972_1976,42,1.5922977586357345,-0.3007877089326361,0.09842726849690883,-0.36219377187676005,0.6069954513986731,0.01461568222345775,-0.0978431322707718,True
rock,1972,1976,1972_1976,42,-0.1275219941239603,0.12430955557464493,0.03771207861508863,0.11086565320041901,-0.15782729468014034,0.0010379430766199263,-0.24739800776778492,True
samba,1972,1976,1972_1976,66,0.8394888154288405,0.0980612919658917,-0.12419509440309869,-0.3669721499078427,0.6760293782575126,-0.1576172548370938,-0.42980900603093075,True
singer-songwriter,1972,1976,1972_1976,82,0.10699140137163073,-0.8204161804322556,0.02899146868626348,0.07112353347848797,-0.39234814731152146,-0.15104132728989034,-0.12024843149251034,True
soft rock,1972,1976,1972_1976,67,0.25472548458168287,-0.39059033537227955,0.07597372398008313,0.10929663354842174,-0.044209947633375345,0.038144657620358485,-0.11833540834583264,True
soul,1972,1976,1972_1976,122,0.3931482717110578,-0.3352374798030374,0.056180997941616816,-0.25017605737761023,0.009024195814064974,-0.03921451407670104,-0.028268198219204777,True
ambient,1973,1977,1973_1977,35,-0.9687986100839441,-1.2466346351811466,-0.21639381821029738,-0.16269046188589376,-1.4618573422101966,0.10571866438533523,1.0811032316443019,True
blues,1973,1977,1973_1977,106,0.12541556255015984,-0.35303479812169175,-0.14017542155284965,0.17528848457011056,-0.10924725879218913,-0.07281104404538956,-0.03515532198157732,True
bossa nova,1973,1977,1973_1977,34,0.15016761152894922,-0.8114160537848389,0.23421152420074454,0.19957605899975875,-0.08003011440899378,-0.30623363258727826,-0.4025271893123574,True
classic rock,1973,1977,1973_1977,364,0.15227294295212263,0.030777761922576405,-0.008668145013166371,0.17517505359063143,0.15233045789093347,0.05113513303150364,-0.0045800436005801306,True
country,1973,1977,1973_1977,52,0.43969738751990595,-0.5048507140177414,-0.12871840357228384,0.39761320434919784,0.2940136352472008,-0.3043504442360161,-0.4974576444814901,True
disco,1973,1977,1973_1977,90,0.8888379513220064,0.4803653154309833,-0.07185158575445959,-0.249528178398247,0.8516283415160099,-0.12879508465224873,0.17654894026242546,True
easy listening,1973,1977,1973_1977,29,-0.3629529701901121,-0.8735988100107758,-0.1866737008077199,0.12189769595321154,-0.467778028433916,-0.10844712675110316,-0.3533077625847369,True
electronic,1973,1977,1973_1977,29,-0.20722137934408902,-0.41751497659365355,-0.16723063334808974,-0.02902026653722309,-0.8606356112406393,0.012544761577813996,0.010797880004050776,True
experimental,1973,1977,1973_1977,23,-0.38093262184530036,-0.09936623436816576,-0.12918984918794377,0.36467876604651944,-0.33167775296997215,-0.15503679513686724,-0.04137777888022919,True
folk,1973,1977,1973_1977,23,0.06756826499407516,-0.7067088181350087,-0.14144743519510192,0.0792469674233061,-0.4467587892959163,-0.20729199318039845,0.013674577691284275,True
funk,1973,1977,1973_1977,108,0.8296709795120636,0.17255996951403832,0.2064183158413767,-0.383258261827271,0.6284440475585781,-0.2407967309626381,0.30326603676854236,True
glam rock,1973,1977,1973_1977,134,-0.2628717954276344,0.48155340939397323,-0.0037782789206765644,0.11119828816471057,-0.02796980199875599,-0.006302017929419496,-0.1928481189181823,True
hard rock,1973,1977,1973_1977,269,-0.39714146869968714,0.5668592146350692,-0.012264326160554256,-0.08203791507010812,-0.026665044369767812,0.18078549659624557,0.052230462218646245,True
jazz,1973,1977,1973_1977,56,-0.24766950757331996,-0.41128297828380117,-0.00595733272312178,-0.13142888394144658,-0.5026402655396973,-0.2136066546128926,0.7354632170996547,True
metal,1973,1977,1973_1977,23,-1.049265224155207,-0.1866363672006034,0.37337117710553985,-0.11104089832550279,-0.8154320783070862,-0.13133219211560765,0.4290956593756476,True
mpb,1973,1977,1973_1977,63,-0.06021976917840353,-0.4848265223791625,-0.004279210829284654,-0.04459116742909333,-0.09041904493454912,-0.24020356528353462,-0.42788186330228917,True
new wave,1973,1977,1973_1977,27,0.5354829149063645,0.2601355655708792,-0.09377904516726472,-0.07932625403403464,0.8154390281231388,0.2148375377536932,-0.521131448280474,True
pop,1973,1977,1973_1977,88,0.0950001549113877,-0.10735720559702609,-0.10161028067183796,0.3268374291078358,0.14893630203945618,0.0912644077802809,-0.3776559874943595,True
post-punk,1973,1977,1973_1977,27,0.1353118650108875,0.38153233398549263,-0.0728957504884027,0.4069649584351436,0.6555788063026335,0.10362526714467556,-0.43953016050752935,True
progressive rock,1973,1977,1973_1977,219,-0.5822167771913475,-0.0847497460962622,-0.05430103604832009,-0.08931853922175748,-0.5144578549091889,-0.0191727395888138,0.4559509337345152,True
psychedelic rock,1973,1977,1973_1977,47,-0.5271419836374269,-0.23637238515222056,0.09483709507054221,-0.23452557716249575,-0.6150379253906526,-0.02424496503099423,0.7919579868504388,True
punk,1973,1977,1973_1977,114,-0.7250701314644683,1.1014855992124009,0.1370363170727891,0.17021792078567524,0.1960241214551691,0.8624082610803555,-0.5605331409892168,True
reggae,1973,1977,1973_1977,63,1.6039836446726286,-0.3526368553460301,0.39847004369162553,-0.39194203347850637,0.664167780727231,-0.02276291704750986,-0.028669260718383046,True
rock,1973,1977,1973_1977,36,0.014566543812266698,0.18844938502994832,0.15682049097907944,0.1638193522005545,-0.09508929977792395,-0.1423521618266821,-0.302151867177447,True
samba,1973,1977,1973_1977,63,0.7725877067945471,-0.12980924731931448,-0.15642892920385074,-0.357206946873565,0.5309106683925279,-0.26252556706719204,-0.5367330890757113,True
singer-songwriter,1973,1977,1973_1977,71,-0.07007355473202403,-0.873238223193126,-0.03509992842877215,0.06450635810473639,-0.5094121961299198,-0.1738978726218276,0.024567059158316758,True
soft rock,1973,1977,1973_1977,56,0.32327748697142883,-0.48723881924815887,-0.03616352681219005,0.29841781279470203,-0.10191892808916556,-0.1420665879837179,-0.02178943397698865,True
soul,1973,1977,1973_1977,93,0.2777102564739496,-0.388362882752845,0.15985193698084973,-0.291098233657709,-0.056426726728900506,-0.141408274778354,0.037916474633066646,True
soundtrack,1973,1977,1973_1977,20,-0.7244583411375605,-0.777424478077847,-0.298957415387084,-0.3346291405803532,-0.5202364107277628,-0.08485235652496162,-0.388392003024454,True
ambient,1974,1978,1974_1978,36,-1.0867966143038439,-1.2920363497915544,-0.22376509781829698,-0.11603280536625693,-1.5000859463644125,-0.03028424223411714,1.2547013330219523,True
blues,1974,1978,1974_1978,82,0.15548314011422407,-0.46445286196130264,-0.034988192302842544,0.11152297814283572,-0.2513659177368686,0.003983448271148688,0.03939711406502655,True
bossa nova,1974,1978,1974_1978,35,0.28250409136112814,-0.5945397858259895,0.292968184047422,-0.07647794751389299,0.16896494040093524,-0.20193455146070796,-0.44999212390709253,True
classic rock,1974,1978,1974_1978,308,0.22671198311157084,0.037465186133640783,-0.005605486112105749,0.18805493583077018,0.18635786322460496,-0.028963928172185467,0.03958585849185085,True
country,1974,1978,1974_1978,51,0.4357584994527351,-0.5405350642932697,-0.34951935283256497,0.45402249897663516,0.2427151989542961,-0.3400691033617014,-0.4958510382260559,True
disco,1974,1978,1974_1978,113,0.9075938308192425,0.43912128266637457,-0.03222969448637884,-0.21564286486749662,0.8444140988277495,-0.14705386291653158,0.2642967929330208,True
easy listening,1974,1978,1974_1978,29,-0.3430082662866345,-0.7235202468062758,-0.1586564890681462,0.2181375454554384,-0.42946351818512496,-0.2143417606564982,-0.2610033591562524,True
electronic,1974,1978,1974_1978,29,0.15223764187897978,-0.37990871638425766,-0.16834206722932563,-0.006026416586444171,-0.6332357772283563,0.021069897425631458,-0.03469060511269981,True
experimental,1974,1978,1974_1978,23,-0.2863283969223942,-0.030122242541738994,-0.24751114089461862,0.4780377913010994,-0.3676082101245404,-0.4111620345332601,-0.01151093520600401,True
folk,1974,1978,1974_1978,31,0.05936874049325129,-0.7017404015743884,-0.16084355510454154,0.17716133734025558,-0.5665169920125839,-0.2218568536442046,0.00847361868032353,True
funk,1974,1978,1974_1978,90,0.7903158548017705,0.18151449530198435,0.1382602903395665,-0.3447630703386223,0.605801228187573,-0.2850046844907605,0.08547036222803635,True
glam rock,1974,1978,1974_1978,101,-0.19205734380821807,0.42512348574126424,-0.12442132665684848,0.13009955376242183,-0.0017640218166555916,-0.08655779860670895,-0.26011030312890665,True
hard rock,1974,1978,1974_1978,263,-0.5101916965963018,0.5513334988547468,0.03866414890751759,-0.140979372188338,-0.03971541800796886,0.18302307996574704,0.034685722800891515,True
jazz,1974,1978,1974_1978,45,-0.10095611955570163,-0.619936002189132,-0.008422410034740284,-0.007686890379347005,-0.41908333372651224,-0.23058342804053586,0.7500586756059603,True
latin,1974,1978,1974_1978,24,-0.019953205272101603,-0.08157792995025998,-0.27447986124558393,-0.326705417840804,0.13011204220317657,-0.22045580182041968,-0.14686633881682296,True
metal,1974,1978,1974_1978,24,-0.918614630556012,0.18619185512248312,0.5330552179427538,-0.2364171553517124,-0.7624304287523578,0.09936870942402971,0.3718523945126089,True
mpb,1974,1978,1974_1978,70,-0.26206886844560107,-0.6192660813289056,0.12845172070967364,-0.04552197180334729,-0.2918671414178768,-0.11547151317772755,-0.3526954777065094,True
new wave,1974,1978,1974_1978,72,0.2849987410079743,0.4577687935374927,-0.04431285799866639,0.1548319821010179,0.6254822130421656,0.3448849363786395,-0.4148754961499065,True
pop,1974,1978,1974_1978,76,0.005481629720276905,-0.1406947200438597,-0.14081463456071033,0.35283255773499067,0.05627995799914499,0.08412954039352705,-0.24886179106350037,True
post-punk,1974,1978,1974_1978,69,-0.05377259479688908,0.2637931484032567,0.013016874571310127,0.2268008869836271,0.14365391297521923,0.13510593518160494,-0.4008887931828788,True
progressive rock,1974,1978,1974_1978,216,-0.570906005098145,-0.11410391144104146,-0.06902005043760104,-0.025744542877165325,-0.5254086011845902,-0.02490567690752133,0.48123459983153516,True
psychedelic rock,1974,1978,1974_1978,35,-0.3841681366955189,-0.18365314984691353,-0.028039549294525967,-0.26221380177716713,-0.37462255357627655,-0.08427258732928589,1.23119039490244,True
punk,1974,1978,1974_1978,147,-0.7341546469255489,1.0014147514117506,0.1809976294412425,0.20949630428829102,0.18287466893332888,0.9256279187016857,-0.55394328668145,True
reggae,1974,1978,1974_1978,61,1.58468014379268,-0.3976340697082519,0.53267149968227,-0.5413250581837266,0.5550036140643928,-0.07906050048208782,-0.010427305509643077,True
rock,1974,1978,1974_1978,27,0.06213276397103204,0.3617439259047713,0.22876663737903236,0.10467183627374477,0.15525270225829552,-0.10612038034016497,-0.313371561196078,True
samba,1974,1978,1974_1978,62,0.6955032158575428,-0.22051621911190417,-0.14725250187837033,-0.31214279485869245,0.5304126437561705,-0.3514541231556999,-0.49280647119616366,True
singer-songwriter,1974,1978,1974_1978,68,-0.05536619924866168,-1.0475967008667997,-0.1595110989058973,-0.16206211565481343,-0.6328886248838597,-0.1770561885272419,0.005471048305478399,True
soft rock,1974,1978,1974_1978,66,0.4655987786718626,-0.44455951094626506,-0.018068854546783652,0.2724803241322584,-0.04042181916373181,-0.2936791264534671,0.057743397178783774,True
soul,1974,1978,1974_1978,79,0.3386146036648257,-0.3756856890490384,0.04743790193112823,-0.32099097084782346,-0.05045451737921802,-0.23674894024510368,0.2128448739543434,True
soundtrack,1974,1978,1974_1978,29,-0.3480288004072137,-0.7008648712522959,-0.19739880171286403,-0.23019037862832675,-0.34035458435270344,-0.05297563032263348,-0.4202015041791965,True
ambient,1975,1979,1975_1979,34,-1.0058333215796533,-1.3271850295388006,-0.14625777846320953,-0.14343264612384596,-1.486595277083116,0.016790349836578063,0.9217890109892183,True
blues,1975,1979,1975_1979,69,0.16643425340009727,-0.5767162202655354,-0.0608212794078388,0.024396476332244732,-0.20564935935093479,0.007164205511701785,0.17413919164188013,True
bossa nova,1975,1979,1975_1979,28,0.24085894261562976,-0.46632959273175534,0.3453908998662078,-0.16603258650142255,0.2579053320082995,-0.20982174469537965,-0.41316765790642085,True
classic rock,1975,1979,1975_1979,291,0.24567444651595868,-0.016609384272158023,-0.028468765558159602,0.15426526265734536,0.19193734025299744,-0.08606639025538218,0.05093561847925316,True
country,1975,1979,1975_1979,41,0.5527329813047178,-0.5130514968642924,-0.480424683862471,0.4693013471374751,0.21866576722813535,-0.33802915103764036,-0.5499829095457431,True
disco,1975,1979,1975_1979,157,1.0065155896339355,0.2978534901411138,0.009240961061761248,-0.1841413285364489,0.8175278629895815,-0.23027015858327396,0.39101812309635536,True
easy listening,1975,1979,1975_1979,29,-0.06530190310227725,-0.7500814581172438,-0.13837434565324794,0.2340642890105717,-0.2072990995888711,-0.1530283764322549,-0.1740387305912401,True
electronic,1975,1979,1975_1979,30,0.396796827541204,-0.04817984132322784,-0.12720614917246895,-0.18140054595817465,-0.20886735154092753,0.14834399486670785,0.011456360907770972,True
experimental,1975,1979,1975_1979,21,-0.0015297132882556006,-0.29317054043208046,-0.0016209193579954254,0.26939293143988685,-0.22603758220144785,-0.14465740881766184,0.11581009210161594,True
folk,1975,1979,1975_1979,33,-0.04241283650952579,-0.6844181036311351,-0.02205105243786194,0.22282335732851685,-0.568054627364503,-0.23899833932143968,0.16510046864341366,True
funk,1975,1979,1975_1979,72,0.8276429591505455,0.05243393773443573,0.13883624556608684,-0.2471412614120586,0.6130391788732105,-0.36982892487343233,0.11034260964260216,True
glam rock,1975,1979,1975_1979,57,-0.024735667368165105,0.278433397858294,-0.1442523438010263,0.1130172036343392,0.009873653331764513,-0.09385416452222065,-0.3065167494524049,True
hard rock,1975,1979,1975_1979,275,-0.6069788285343233,0.602970169290176,0.02606791982789425,-0.12663472680320353,-0.1614393349583512,0.1882395958351102,0.03246049577772251,True
jazz,1975,1979,1975_1979,38,-0.15998170109466991,-0.7247781993114408,-0.02979932272356982,0.056398405635778845,-0.4342582855640134,-0.28045678641747773,0.5848755004115356,True
latin,1975,1979,1975_1979,20,-0.2338963257913711,-0.2682313551423302,-0.15034027045408252,-0.28897626215543937,-0.10684935062221594,-0.10161655901737103,0.011431389394877995,True
metal,1975,1979,1975_1979,28,-0.8968417207762818,0.25533714560839715,0.5040248743687007,-0.08919278921766208,-0.7779074958817859,0.07621369399338872,0.36921306251735764,True
mpb,1975,1979,1975_1979,66,-0.14711131463268415,-0.4090147543966443,0.13357849072935646,0.15762595357259887,-0.0757972239896629,-0.09728006883850628,-0.3188568744343229,True
new wave,1975,1979,1975_1979,139,0.17674161938323066,0.36115450339524846,-0.0709519549768907,0.0910214116061215,0.4466898238309992,0.29614321815658445,-0.2541062656652484,True
pop,1975,1979,1975_1979,80,0.12502342682203066,-0.30022103235262476,-0.07052755203251579,0.19511446073225172,-0.009681958343610625,-0.03214275864045032,-0.1667784013164182,True
post-punk,1975,1979,1975_1979,152,-0.04862338040164587,0.34072718903564264,0.08343611302327546,0.013934307136858573,0.08018450204606034,0.17569859819477843,-0.42204006406926137,True
progressive rock,1975,1979,1975_1979,205,-0.5121601993078508,-0.15100089170704364,-0.06739598195659004,0.049493674172539776,-0.4830606638284002,-0.12362618381226599,0.5214356062776576,True
psychedelic rock,1975,1979,1975_1979,46,-0.5415288668963507,-0.9622682650526326,0.021656892117913874,-0.3497799278321541,-0.9872609699089242,-0.1783889245790107,0.7378435425464877,True
punk,1975,1979,1975_1979,208,-0.7220278772827673,0.9284136829765424,0.13794647167064017,0.1827018780941058,0.16279075994890044,0.7503897911881079,-0.6196057453937486,True
reggae,1975,1979,1975_1979,68,1.4856147696632387,-0.40337375540791853,0.4497860522042454,-0.5231116444671331,0.5980593580728828,-0.0748044025678878,0.019738699450364616,True
rock,1975,1979,1975_1979,37,-0.10987612843171204,0.16418425785679494,0.08412717496767642,0.09771482579689045,0.047261565140618696,-0.06220818857581421,-0.18197804612119042,True
samba,1975,1979,1975_1979,48,0.5677109954523477,-0.3885528887936631,-0.0635873156480317,-0.3517287632705104,0.20555571571336403,-0.4441768684844752,-0.542393302003447,True
singer-songwriter,1975,1979,1975_1979,56,-0.16531062792902135,-0.9952940356567094,-0.33871811517579287,-0.05077289057578183,-0.5746184877749393,-0.07775326812761056,0.14561217925748707,True
soft rock,1975,1979,1975_1979,80,0.3383928727797071,-0.5284717021774287,-0.07052755203251579,0.24890231883088404,-0.14224424186907023,-0.2816224432827792,0.13984409632251663,True
soul,1975,1979,1975_1979,84,0.2961505276666185,-0.5163160365450742,-0.09085253001564768,-0.31971218106894356,-0.10099351108678886,-0.36843601365864975,0.3012889769131381,True
soundtrack,1975,1979,1975_1979,30,-0.25836090029121045,-0.651977793785282,-0.21974263429892318,-0.10968340182666486,-0.31719761116996376,-0.06895749810999689,-0.36373135414989427,True
synthpop,1975,1979,1975_1979,20,0.5077916679811734,0.4000935227916603,-0.4279497258334451,-0.18140054595817467,-0.16509545917261,-0.131679105336601,0.31723960369122345,True
ambient,1976,1980,1976_1980,25,-1.0080975677094324,-1.3087362116117986,-0.015975006921604484,-0.26786831126634103,-1.4366268263373392,0.13344657873010932,1.004716835260235,True
blues,1976,1980,1976_1980,66,0.07857730422453967,-0.7746305768385551,-0.08939358952610357,0.05947045967620506,-0.28090906594743675,-0.09526700853972433,0.30413889631609275,True
bossa nova,1976,1980,1976_1980,26,0.16115755987715108,-0.6337562749895791,0.2795003751110109,-0.4797406631605051,0.061411427295572904,-0.24209289697358674,-0.3964251433290658,True
classic rock,1976,1980,1976_1980,265,0.3096789348019226,0.010309026225053261,-0.01847414808388423,0.1430091447359618,0.22869163972063242,-0.16397801680578852,0.09959416396101992,True
country,1976,1980,1976_1980,32,0.5774028455077203,-0.45369832824669376,-0.40506004662403544,0.4772023324552262,0.39339085112845745,-0.39146373515521077,-0.557539480235926,True
disco,1976,1980,1976_1980,172,0.9777379713135415,0.2684567380156777,-0.02162229102086455,-0.17178666331433642,0.8175938134351379,-0.23580286032953945,0.5227095593459143,True
easy listening,1976,1980,1976_1980,35,-0.1772599382300626,-0.9964753700989235,0.01083125721189635,-0.1203143519114768,-0.46027735773954576,-0.2416790696372525,-0.0030487379831032977,True
electronic,1976,1980,1976_1980,26,0.6175623743782558,0.1042705107595168,0.0778469175456484,-0.23145275078453162,0.09370532438934334,0.178612582974328,0.12097171220658628,True
experimental,1976,1980,1976_1980,22,-0.03259616372884208,-0.32386476229318556,0.027674765424122807,0.1898843126413629,-0.28025287447641173,-0.06696503129869297,0.025390817198936058,True
folk,1976,1980,1976_1980,25,-0.0573943866982081,-0.720133531672628,0.07232798081228058,0.0764242605616756,-0.5763690299739808,-0.26479396486796164,0.36721440017509915,True
funk,1976,1980,1976_1980,60,0.8741259214112562,-0.004162565903711957,0.1468336267127461,-0.2893865970055921,0.5632138688886482,-0.30583415685833865,0.31675747490315354,True
glam rock,1976,1980,1976_1980,65,0.01007030169167394,0.2710445740691577,-0.07710784458352488,0.0830452715583682,-0.015793796574329402,-0.232831496733719,-0.19324243140446476,True
hard rock,1976,1980,1976_1980,262,-0.6727736276794537,0.6869542061955458,-0.029582766958839612,-0.06845457930106807,-0.314907690394088,0.20692842005530807,0.02994028623862592,True
hardcore punk,1976,1980,1976_1980,20,-0.9079629711622454,1.2005089588167854,-0.22569460278958142,0.03338768908317351,0.2645988653297976,0.10811334678747453,-1.5806270896983732,True
jazz,1976,1980,1976_1980,36,-0.05701072924017289,-0.8281162821466468,0.14683362671274608,0.08120610183706471,-0.3937986307757104,-0.4937543075230151,0.564863215422262,True
latin,1976,1980,1976_1980,21,-0.2537721970039395,-0.4562078032078142,-0.16524910523364825,-0.24327598470719702,-0.25456597642918377,-0.05300078438279145,0.1354768816430155,True
metal,1976,1980,1976_1980,34,-1.0557613648488644,0.40883206158006646,0.17523991872272748,-0.20711079859080872,-0.7699198504761346,0.031920676394575805,0.3723027730530297,True
mpb,1976,1980,1976_1980,69,-0.07310766171860628,-0.5519780963327293,0.2318172539475766,0.17996151948097044,-0.18480670213044786,-0.20098162054823576,-0.23664886409085398,True
new wave,1976,1980,1976_1980,191,0.21903181615504846,0.2620158564822214,-0.048568518100865696,0.07056587910386901,0.4412815991152307,0.3214895790201719,-0.2019829590561234,True
pop,1976,1980,1976_1980,92,0.16697016283668104,-0.42654396273094464,0.014859052653950502,0.09420023573757862,-0.029256938019519244,-0.01652170802680529,-0.09735023583116041,True
post-punk,1976,1980,1976_1980,218,-0.060319334841577414,0.2666838305077957,-0.04620257783738966,0.04720677166801361,0.06893503191504521,0.15876655423471692,-0.3154434901270713,True
progressive rock,1976,1980,1976_1980,187,-0.442914737631247,-0.2112483623629338,-0.04684563699167257,0.05755260889730568,-0.5173143013329724,-0.12640367258759938,0.5573118101669393,True
psychedelic rock,1976,1980,1976_1980,35,-0.4675022860545201,-1.2184828288131817,0.042368038545426714,-0.24327598470719702,-0.9883194482331813,-0.20349260662323188,0.26288749933827493,True
punk,1976,1980,1976_1980,224,-0.7290278731450428,0.8870176252122051,0.1394421935876999,0.2082237607145882,0.165315068917474,0.7273679032359068,-0.6508615471603465,True
reggae,1976,1980,1976_1980,86,1.4350821975242805,-0.4725342048868887,0.2896200712679018,-0.44702055067684976,0.6524076122659243,-0.01939491635365689,0.039107464994630366,True
rock,1976,1980,1976_1980,39,0.0666450206957875,0.021049787504486623,0.07430913758836133,-0.038339930047663305,0.08767272837089742,-0.09246330098322587,-0.14021375212245255,True
samba,1976,1980,1976_1980,39,0.3955575106805797,-0.3245834161662184,0.046006897930064836,-0.203865204964979,0.3191723500406146,-0.4783429423974611,-0.589247454037066,True
singer-songwriter,1976,1980,1976_1980,53,-0.14499858588956627,-1.0617848311085567,-0.2475620879595294,-0.17367506048320444,-0.5329779423108798,-0.15973130045272677,0.13508349617134058,True
soft rock,1976,1980,1976_1980,83,0.28569245074452215,-0.5338912868606033,-0.09004844693331225,0.2641259337570702,-0.0950231203946516,-0.26818242338638554,0.15385948051290424,True
soul,1976,1980,1976_1980,75,0.31413949566307897,-0.6505283662361571,-0.07484366541086115,-0.23917726361400635,-0.13168166682055543,-0.44151230946371023,0.48655982816813936,True
soundtrack,1976,1980,1976_1980,47,-0.4875152117788619,-0.4775045795194318,-0.18342189589570032,-0.05360112560741582,-0.6428071523316337,-0.28138770239414884,-0.495961412088891,True
synthpop,1976,1980,1976_1980,20,0.4337830739513559,0.3181930054096874,-0.4050600466240354,-0.18179516830933692,-0.20321244879715347,-0.14717229321366418,0.4191922139909844,True
ambient,1977,1981,1977_1981,23,-1.0184670142837002,-1.429205153084649,0.1673886040857235,-0.15152759124491846,-1.4900995579458374,-0.27409465084431917,0.6286527580592596,True
blues,1977,1981,1977_1981,47,0.1123671367847489,-0.9226685797116134,-0.08779873003483389,0.048668737972562305,-0.278903161588184,-0.04775586450492902,0.31266119109355417,True
bossa nova,1977,1981,1977_1981,28,0.20894019512229844,-0.5500968903189098,-0.04891123272571692,-0.38442926137416583,0.25145666872237754,-0.22674832158774413,-0.2719232524311728,True
classic rock,1977,1981,1977_1981,239,0.2687888807351013,-0.0403815232492257,-0.05066971016204309,0.1579685193536128,0.2205540289316049,-0.17265634308839242,0.12100168195353882,True
country,1977,1981,1977_1981,27,0.45526317780506503,-0.5741101515583987,-0.4641194110654251,0.3694820708219905,0.22374142051098236,-0.23149273758018657,-0.6194247900714563,True
disco,1977,1981,1977_1981,169,1.0118357015330428,0.140596637779118,-0.016582301396335843,-0.18790986397516773,0.7799060553992546,-0.24163060719990098,0.623959918037086,True
easy listening,1977,1981,1977_1981,30,-0.10003767663574603,-1.0782239808117575,-0.02219600730159272,-0.17015972485525824,-0.48695167838198683,-0.3706455240257559,0.16336157393562517,True
electronic,1977,1981,1977_1981,33,0.5446076389243936,0.13459252154774723,0.06570952380572506,-0.35196418008342223,0.21134629558425724,0.03288628284279329,0.20288234583881198,True
experimental,1977,1981,1977_1981,21,0.06091399723092493,-0.1758328438481248,-0.11081236480600472,0.17675285808011598,-0.08065204708604032,-0.01390684574462307,0.023685966906145123,True
folk,1977,1981,1977_1981,25,-0.1575533630917999,-0.6124908811132754,0.02888871643624479,0.08696371896743088,-0.4686051991546898,-0.18464407673233127,0.23544308039120132,True
funk,1977,1981,1977_1981,65,0.9940483754769293,-0.06677528025581664,0.16445971404819817,-0.17015972485525824,0.6402943111788926,-0.2538400786937193,0.4278658301787686,True
glam rock,1977,1981,1977_1981,54,0.03749439345825603,0.33516562855241144,0.042673483159153314,0.1314048080232043,0.0011010708086130656,-0.21322390537204974,-0.26490708868096385,True
gothic rock,1977,1981,1977_1981,31,-0.14493169029964564,-0.10013655098567369,0.10904700414469487,-0.280750453381146,-0.35401156807322254,0.41568747495961056,-0.08095063675590669,True
hard rock,1977,1981,1977_1981,260,-0.6892081417449901,0.6210097915283248,-0.02500286025422116,-0.07950722863572039,-0.3491832280371602,0.14700624604690335,0.053780215120374446,True
hardcore,1977,1981,1977_1981,20,-1.0724920293954963,1.0867573842437572,-0.2092025852704622,0.15124457992310317,-1.1228275437720827,-0.33819998958762826,-1.1917156406917493,True
hardcore punk,1977,1981,1977_1981,23,-0.8825781251513785,1.1768913470513027,-0.09438094301810225,-0.058366923193219476,0.14698185322904522,0.12346681201247467,-1.637769223235004,True
jazz,1977,1981,1977_1981,31,0.0394522746404331,-0.9669264934501526,0.24146708295821376,-0.004273632066426546,-0.3878215083635271,-0.3599574830406426,0.3877475650486259,True
metal,1977,1981,1977_1981,37,-1.1238826463206073,0.9020536757909696,0.18539731985699404,-0.06592049087308696,-0.5580070965785183,0.019770177498444553,0.22474860807397815,True
mpb,1977,1981,1977_1981,58,-0.06632028999335997,-0.6247654669517847,0.3187882324263374,0.16971609169197452,-0.10346733357762176,-0.20974471087239513,-0.2306869196336745,True
new wave,1977,1981,1977_1981,271,0.3456530639553528,0.16588713115072867,-0.017281425286750685,0.062295049080383226,0.3878064201999758,0.2182798906232555,-0.1404488727438504,True
pop,1977,1981,1977_1981,105,0.33454793260838417,-0.5616121098936862,0.07684580402686776,0.013499877875233997,0.0421008756623135,-0.07413208649766073,-0.015084844218741723,True
post-punk,1977,1981,1977_1981,317,-0.19789075579959856,0.2663119465807947,-0.028469367922845868,-0.01604788155459283,-0.0244550437718365,0.17726320740140225,-0.19749602902265806,True
progressive rock,1977,1981,1977_1981,169,-0.32637901261742386,-0.13226656537190642,-0.09916855173328787,0.10369956442334557,-0.45566651139532044,-0.0854610418031204,0.5327160759065367,True
psychedelic rock,1977,1981,1977_1981,35,-0.474425965404051,-1.2211230575109042,0.09769671167496469,-0.17015972485525824,-0.9441796383411364,-0.18465379325953096,0.2801248716183673,True
punk,1977,1981,1977_1981,217,-0.7326507126779651,0.8781821660187463,0.10274128610595587,0.21295815610942448,0.10504596704942336,0.662021279326802,-0.6317058978363961,True
reggae,1977,1981,1977_1981,76,1.3447109995382602,-0.4918983010215048,0.2978036954358951,-0.38442926137416583,0.6741769901129814,-0.07077351029627482,0.09073045271391847,True
rock,1977,1981,1977_1981,46,-0.027457502998884827,0.026303333988959034,0.04245313842253393,0.08137407888432895,0.16407484629795546,-0.019832526634477668,-0.16147064205359216,True
samba,1977,1981,1977_1981,34,0.4139905517282195,-0.4626313807861652,-0.09893041375653773,0.05671390204711452,0.4177147540369736,-0.5302837690796092,-0.6204046032747854,True
singer-songwriter,1977,1981,1977_1981,41,-0.15421845686252925,-1.284081026132989,-0.29230425912099484,-0.14925537982902334,-0.5749348724046011,-0.31340501436730733,-0.16329258874989394,True
soft rock,1977,1981,1977_1981,77,0.2180089938073431,-0.6570235931186186,-0.10844294348235732,0.15820138305683396,-0.20142906423301257,-0.23808877273009285,0.16254546499596917,True
soul,1977,1981,1977_1981,74,0.3235474349997117,-0.651511566587784,0.015279272660527459,-0.23965254751003906,-0.03391052058251845,-0.4818514059794014,0.583958151514626,True
soundtrack,1977,1981,1977_1981,45,-0.3828106207525856,-0.5310208018298854,-0.06476661041645732,0.067917537943528,-0.721629356955155,-0.2922678924258028,-0.42930158450849754,True
synthpop,1977,1981,1977_1981,27,0.4644403253393933,0.0888648571578335,-0.26140225337559375,-0.027313367175986498,-0.1337673925587194,-0.11013645215943518,0.39553760490270484,True
blues,1978,1982,1978_1982,34,0.15412452267071577,-0.9435610325377489,0.08186060718715583,-0.11745836690029714,-0.09486716095103584,0.018290437748796205,0.21982738047717681,True
bossa nova,1978,1982,1978_1982,27,0.25983566408382025,-0.6320427677362053,-0.02375999482983195,-0.4076626349406076,0.37979421310536626,-0.13350863630479612,-0.40744711151341445,True
classic rock,1978,1982,1978_1982,214,0.29921979688632316,-0.03216218156940154,-0.08820407376409552,0.12976312319699612,0.285429982673298,-0.16085420757905594,0.19389725313376147,True
country,1978,1982,1978_1982,21,0.3152648692951776,-0.9056974130036776,-0.5065970326217761,0.4944580611389861,-0.0818044826884893,-0.20097154925647662,-0.5524243541178936,True
disco,1978,1982,1978_1982,146,1.040596622955128,0.10884268836684047,0.09860281611744158,-0.19302278781687549,0.7933958089627812,-0.20276026060186753,0.6462708118113728,True
easy listening,1978,1982,1978_1982,32,-0.05398578699819206,-1.065616686783323,-0.019987830472082375,-0.0351854569108691,-0.48341025764216844,-0.44027609003742846,0.20872526456777105,True
electronic,1978,1982,1978_1982,26,0.6350114825628691,0.4260670934860801,0.06096861997500442,-0.36819485448712536,0.4516678804480426,-0.13678644502407333,0.20038562493001633,True
experimental,1978,1982,1978_1982,30,0.3963565047370687,-0.6156094765107321,-0.3617459212841929,-0.012984830405785353,-0.20724256521025922,-0.3446432330633183,0.26964647802932373,True
folk,1978,1982,1978_1982,23,-0.16842208821965338,-0.781223472460706,0.040530806397899743,0.048790825956186834,-0.4930409715541188,-0.23093481819254663,0.17951106137377962,True
funk,1978,1982,1978_1982,66,1.1073249383318537,-0.19204777547821728,0.11478131430933386,-0.07756847114784717,0.6531298099259496,-0.21990631985061393,0.44623943952577655,True
glam rock,1978,1982,1978_1982,47,0.2213176885051608,0.2726487390550313,0.026963576959481334,0.2893215730676955,0.14401457550938934,-0.19655615398887455,-0.08761170517774447,True
gothic rock,1978,1982,1978_1982,47,-0.29365745689171135,0.1527353788706555,-0.04815867493102062,-0.16413803214252579,-0.41594962355325066,0.3570118156367805,0.03775107039978729,True
hard rock,1978,1982,1978_1982,261,-0.7289832108382063,0.6251950673311687,-0.0612214891412759,-0.07014506416600098,-0.3939143981822044,0.12733825311193175,0.029251860746323757,True
hardcore,1978,1982,1978_1982,27,-1.1734790296569833,0.9304245116301965,-0.0639964146458273,0.22382185231510798,-0.9915539880185499,-0.30297612730516144,-1.212315006233412,True
hardcore punk,1978,1982,1978_1982,35,-0.9733285147247736,1.0588426029305296,-0.084976833549882,-0.033282546067576226,-0.2387651205797647,0.13347374042556562,-1.5389372957136354,True
jazz,1978,1982,1978_1982,26,0.09187008644387952,-1.2132459769568507,0.2907804793086701,-0.04030867841204227,-0.3269934062026648,-0.4410945387372649,0.2153678980245543,True
metal,1978,1982,1978_1982,46,-1.173935621097295,0.8944478663677766,-0.04212879518061243,-0.13653614312972967,-0.48643460210004147,-0.04228014397453198,0.1991021407004734,True
mpb,1978,1982,1978_1982,75,-0.006300853522617642,-0.5706786066349807,0.25749257968397554,0.15751598115325785,-0.06885943043873351,-0.1878363065210516,-0.21146825077732423,True
new wave,1978,1982,1978_1982,347,0.33379054060965896,0.16492403203103378,0.022766989179298126,0.09552313084096405,0.3601788508829788,0.21235274453769795,-0.07113937023620291,True
pop,1978,1982,1978_1982,116,0.48414541398841826,-0.42646084326942296,0.03971642608678141,-0.1477196671262936,0.19784489168962388,-0.02044639024260422,0.027685753286376347,True
post-punk,1978,1982,1978_1982,331,-0.26553506347066513,0.28294393847610316,-0.0022438428436350345,-0.023716251072895326,-0.08078542507886909,0.2191866818381974,-0.19374574438667871,True
progressive rock,1978,1982,1978_1982,168,-0.2699345428746763,-0.18650364109539425,-0.016754546736868478,0.037759458748691785,-0.4249761639900877,-0.10365582730780273,0.6509688899589806,True
psychedelic rock,1978,1982,1978_1982,32,-0.19530658984398513,-1.2602078615773131,0.13278482601677496,-0.03518545691086909,-0.6870210308807531,-0.18422137062154348,-0.33324313642210757,True
punk,1978,1982,1978_1982,192,-0.6220144945511702,0.7710246670792303,0.15824693543158452,0.16462018163488465,0.12164390184205894,0.5203589971307002,-0.7031579021127258,True
reggae,1978,1982,1978_1982,58,1.3504745226290475,-0.45750538295205406,0.13805284865432174,-0.33144898992698674,0.7204748383720352,-0.09653348442164876,0.10981153667085627,True
rock,1978,1982,1978_1982,55,-0.09982322486935735,0.05605270879270576,0.015196175264745369,0.0774322666331012,0.15672939307036093,0.13726948671476805,-0.18060337865956685,True
samba,1978,1982,1978_1982,20,0.4342732518400709,-0.5023690727588387,-0.08109689306762531,0.05805717441048265,0.49368465416676227,-0.5942728076383507,-0.5673212630118574,True
singer-songwriter,1978,1982,1978_1982,38,-0.07405452742169207,-1.4260853923278543,-0.37556395493152817,-0.1999374746591222,-0.5481095540075839,-0.4340198855100872,-0.2971004769891517,True
soft rock,1978,1982,1978_1982,70,0.21557156837557692,-0.6985331603641594,-0.11213641692567888,0.11895032139585522,-0.18749797767600623,-0.19115082168170172,0.15871297648236482,True
soul,1978,1982,1978_1982,83,0.4043097736416008,-0.6987861489906081,-0.14556000059813112,-0.2012889395573391,-0.030334617654411467,-0.5164457611565044,0.47708563929268627,True
soundtrack,1978,1982,1978_1982,38,-0.31090034437061187,-0.5543407327150648,0.04612431327163366,0.13657728499688412,-0.7817104166532092,-0.4156292539610013,-0.43505839375084454,True
synthpop,1978,1982,1978_1982,29,0.38096657862108135,0.07971023551444031,-0.2225140340933262,-0.03748207344587777,-0.20753516258554278,-0.13845809258053926,0.35187967025994515,True
alternative rock,1979,1983,1979_1983,30,-0.40990077288548543,0.03383270170021415,-0.15380794526233596,0.12614551427613224,0.24426114303069751,0.43488949730604914,-0.1812609048779406,True
blues,1979,1983,1979_1983,29,0.057172152140159735,-0.794606336193029,-0.027402968776752364,-0.11420295929542142,0.2260475247787588,0.03094379456630019,0.1858713418994146,True
bossa nova,1979,1983,1979_1983,27,0.20455514782154402,-0.6746434135057183,-0.1578208016587037,-0.2531799678231905,0.2881995847596143,-0.021148927665964008,-0.3292894158344898,True
classic rock,1979,1983,1979_1983,182,0.2787734002885228,-0.08977144762288355,-0.06461008508922791,0.13239813211293427,0.25279478960598395,-0.14986132776405947,0.18039194435818484,True
disco,1979,1983,1979_1983,123,1.0808400833285656,-0.006321422994931222,0.09812113679255542,-0.2416151665396746,0.7674198797117405,-0.20978633166659597,0.6956128079751988,True
easy listening,1979,1983,1979_1983,29,-0.12649552506573467,-1.303127575440807,-0.01806269957831023,-0.11420295929542142,-0.6342983051907318,-0.26653207514546756,0.2275989560094811,True
electronic,1979,1983,1979_1983,28,0.527007350853291,0.5282837201094523,0.1757478862893642,-0.29551540109320423,0.5311099880222987,-0.17644881535234785,0.10831209419892222,True
experimental,1979,1983,1979_1983,33,-0.007380695163948725,-1.0205345734403408,-0.23260585268192058,0.048556211119452596,-0.6871665793117305,-0.2800064119916427,0.13345517578670454,True
folk,1979,1983,1979_1983,20,-0.10046966465838299,-0.7631901800858598,0.06740076358743535,-0.0516633054579253,-0.1973668777728771,-0.19578847849305578,0.44308269397019673,True
funk,1979,1983,1979_1983,62,1.1869869683263516,-0.23413330181443145,0.22162066001397115,-0.1308169090814735,0.7602964883784543,-0.1743901895991103,0.5032722209966188,True
glam rock,1979,1983,1979_1983,43,0.19510234139145044,0.2644129090250026,0.04818804706180262,0.2981652096467554,0.19999381898616556,-0.08014944992584634,0.09175867455483719,True
gothic rock,1979,1983,1979_1983,49,-0.3633463319543662,0.06202567767527647,0.06657157642390021,-0.26285663828490796,-0.5309727006397855,0.32616867700777713,0.0635765863380916,True
hard rock,1979,1983,1979_1983,264,-0.6906436434450679,0.6530529551045218,-0.1279523818902848,-0.04843041782639698,-0.426958082245945,0.14179865270350667,0.017948758317055266,True
hardcore,1979,1983,1979_1983,30,-1.1407111986300835,0.8613192324857704,-0.06351867634406196,0.19726904216975524,-0.8576203099370887,-0.2987187870662044,-1.2250073114057414,True
hardcore punk,1979,1983,1979_1983,46,-0.9793266183565473,0.9639605666482498,-0.16872530273578992,0.04574500448334101,-0.2658370628374406,0.044481733086490956,-1.662077310173516,True
jazz,1979,1983,1979_1983,22,0.07505819503497732,-1.2809371192899224,0.35427439528686056,0.01622733480416939,-0.47245174913825755,-0.47887486685451813,0.21192627265538097,True
metal,1979,1983,1979_1983,49,-1.2406191078544635,0.8884412428678041,-0.17665665821308285,-0.26285663828490796,-0.4821200434712485,-0.09905972356990825,0.22314241333521975,True
mpb,1979,1983,1979_1983,66,0.20992061220092356,-0.47888398060632065,0.22704860726565623,0.14554284006530216,0.11957731886818654,-0.29345437651643047,-0.15900958726686903,True
new wave,1979,1983,1979_1983,408,0.38327258909703976,0.12461625254066235,0.02172501578172027,0.020506156669427466,0.3649396588750858,0.16076031706299254,-0.0006785372865212344,True
pop,1979,1983,1979_1983,144,0.5504771559778061,-0.35807051180942645,0.07041040588471116,-0.07537114808913298,0.2711165342908461,-0.06397651847338134,0.0085418559274927,True
post-punk,1979,1983,1979_1983,331,-0.23897560363244058,0.2803946325706388,0.015150281831255946,-0.04618400043893018,-0.024835822857842697,0.21664090103667888,-0.12713008605702977,True
progressive rock,1979,1983,1979_1983,155,-0.20966925300296496,-0.11624897635764812,0.028518126811339937,0.006841532002958154,-0.38622305574717436,-0.15139544151237552,0.6121038627370969,True
psychedelic rock,1979,1983,1979_1983,38,-0.3908000871924545,-1.5745841688604887,0.17218383620048494,0.07748204782260071,-1.0251160160666384,-0.23073337933694057,-0.45528208127410297,True
punk,1979,1983,1979_1983,149,-0.539338593094827,0.7213029399239163,0.11075779171564011,0.1509671481718933,0.14602992492115144,0.3786977410339819,-0.8272497030312584,True
reggae,1979,1983,1979_1983,49,1.3644025727452846,-0.5032193775459914,0.0002366033410866223,-0.13222158705172282,0.7749684947055874,-0.027094210965881778,0.17329429836406077,True
rock,1979,1983,1979_1983,58,-0.06044290754599192,-0.01888575339811663,-0.046083507173636636,0.14331326238838607,0.18245073969180234,0.17260859221192779,-0.22295931099511568,True
singer-songwriter,1979,1983,1979_1983,24,0.16448413259780434,-1.2246248634603718,-0.4449908375237697,0.07280286835591498,-0.31018394739408534,-0.7022253244361375,-0.21407188293678023,True
soft rock,1979,1983,1979_1983,54,0.13138638357945692,-0.66692997031094,-0.1628368721541634,0.14195074269693736,-0.2414573055463183,-0.0614351181916622,0.12262704242909213,True
soul,1979,1983,1979_1983,75,0.4498847591101506,-0.8168592332586446,-0.11046909618156446,-0.10144977498346142,-0.048747975503516075,-0.5654878627966121,0.36445066183536534,True
soundtrack,1979,1983,1979_1983,34,-0.3988255853828036,-0.6074910845158834,0.06023073340863123,0.06757319718726623,-0.9250300799839519,-0.529389405706629,-0.37840334429989625,True
synthpop,1979,1983,1979_1983,30,0.366314711420832,-0.1707443232881795,-0.09963438391137158,0.19726904216975527,-0.07021969538223144,-0.14086484281657705,0.3038778332679209,True
thrash metal,1979,1983,1979_1983,24,-1.5743604328141976,1.1148915953915524,-0.18540918938373194,0.42842050782403013,-1.2126879359256384,0.9924826006850006,0.4288286571757151,True
alternative rock,1980,1984,1980_1984,44,-0.35493738650108647,-0.04480126379913612,0.022867841514486262,0.07547645256391781,0.2853591803142706,0.3945602717777838,-0.34745809939152,True
ambient,1980,1984,1980_1984,28,-1.2611776717148404,-1.6827055935602213,0.119193738673954,0.1720726199722517,-1.4707488644049374,-0.8190026067559406,0.8409713792557175,True
black metal,1980,1984,1980_1984,20,-1.64265874235386,0.45007402313235456,-0.04023003974410092,-0.04043894832608287,-1.2952980112043226,-0.1992259054113985,-0.4372792222372074,True
blues,1980,1984,1980_1984,25,-0.20538744854947996,-0.8152654766927081,0.08225408269903882,0.023314522163417502,0.046919668325783634,-0.17071251333901916,0.3866928606378762,True
bossa nova,1980,1984,1980_1984,26,0.4109908201839701,-0.518942818859995,-0.18365161901512772,-0.2774710821973022,0.5662108153886156,0.29583572218687526,-0.2791802852430227,True
classic rock,1980,1984,1980_1984,182,0.2618486079752662,-0.08008882763365986,0.021236351372053493,0.22461668905700477,0.23494503543025325,-0.15392354597314828,0.15591264290429188,True
disco,1980,1984,1980_1984,77,1.1540118547543365,-0.08439793378381746,0.037007422748903535,-0.37300575326048957,0.7991583490805858,-0.21251261893725706,0.6444732465111376,True
easy listening,1980,1984,1980_1984,26,-0.2504147029403777,-1.4083130376832924,0.03619167767768715,-0.2774710821973022,-0.7201295345259836,-0.2777107923884301,0.08428108049546593,True
electronic,1980,1984,1980_1984,22,0.5305265036036481,0.3459583555462682,0.28268264669690385,-0.26261013336525085,0.4874381238755332,-0.3408001107747079,0.11245724902226652,True
experimental,1980,1984,1980_1984,28,0.004704809759940093,-1.0291695015519258,-0.2696447452725213,0.02027864261629844,-0.6253152840685046,-0.2762433755195943,-0.17805818444717034,True
folk,1980,1984,1980_1984,20,-0.2033828105115291,-1.1891081160263197,0.05503538882278558,0.06581683582308442,-0.39615345199068086,-0.21625545903035137,-0.1022526881434469,True
funk,1980,1984,1980_1984,72,1.0230734029023933,-0.11750657515428525,0.3022718581987528,-0.15259783159464835,0.5764306328172868,-0.014488389839259954,0.5443225061154899,True
glam rock,1980,1984,1980_1984,41,0.31773718517478317,0.181891040080918,-0.026620692805974244,0.3405269119160535,0.19406822061639442,-0.22557254331861798,0.16946517164280112,True
gothic rock,1980,1984,1980_1984,55,-0.41002799204035206,0.025378951164923193,-0.0018764256457439994,-0.2239716664019173,-0.45555206523507674,0.41142721608423605,0.03880060525774581,True
hard rock,1980,1984,1980_1984,277,-0.5839031676685387,0.5511591389635843,-0.09147389843170407,-0.09452582762222939,-0.36714275887184694,0.1270339317885093,0.01519441217349281,True
hardcore,1980,1984,1980_1984,32,-1.1161026361015485,0.8433452311837235,-0.12018495300559487,0.23848248506548125,-0.8670745441989571,-0.19077751343465427,-1.1966906583230636,True
hardcore punk,1980,1984,1980_1984,68,-1.0501192898722538,0.7452701891758512,-0.1627141621872406,0.1720726199722517,-0.4315408842674776,0.2474624479710489,-1.3178774990910254,True
jazz,1980,1984,1980_1984,26,0.3647299423851027,-1.2714198705730115,0.402597172165712,0.13120501068411045,-0.21281884670626722,-0.6122917678382904,0.04670796123111852,True
metal,1980,1984,1980_1984,67,-1.1824895927466184,0.7973129651666865,-0.1281829833890088,-0.3116290839903755,-0.4695902143988422,-0.1114877527034106,0.30248756856870906,True
mpb,1980,1984,1980_1984,56,0.30917372411474464,-0.6379267762849425,0.16779854916726342,0.1341241256332634,0.14117209383645307,-0.2590208580515289,-0.11708440086576098,True
new wave,1980,1984,1980_1984,432,0.4609118950626027,0.047945286010757995,0.027564670003233666,0.004818144922636531,0.3990281964768389,0.1082031769832063,0.00016683896497123992,True
pop,1980,1984,1980_1984,167,0.6337328165728201,-0.3561832465476549,0.032054335909302276,-0.0728883195333136,0.39606377783093366,-0.03336736492750747,0.07458916966429179,True
post-punk,1980,1984,1980_1984,302,-0.2164414826774901,0.24362499863556292,-0.011298911484904507,0.006707657885799304,0.025515941612946035,0.21033210835481575,-0.10674523027025012,True
progressive rock,1980,1984,1980_1984,134,-0.07393041829475898,-0.10554803672040558,-0.040839413487599084,-0.04202485555218984,-0.30312424536589366,-0.06353902287568043,0.5052024348027901,True
punk,1980,1984,1980_1984,98,-0.43591750580731986,0.7126115370786651,0.1733533846522131,0.18291504692624835,0.1465043753397087,0.3793947210585337,-0.8368960470211788,True
reggae,1980,1984,1980_1984,43,1.3637439206462512,-0.6011526104822381,-0.001300977572250267,-0.08738917853152887,0.6907545179459124,-0.11295362628051922,0.17651530131887716,True
rock,1980,1984,1980_1984,64,0.12704384446017858,0.07892865553396372,-0.2562784223868612,0.1720726199722517,0.26126525463651523,0.13362073082134845,-0.28372024305508264,True
singer-songwriter,1980,1984,1980_1984,20,0.1696424027666356,-1.4348755706578715,-0.35324501932101354,-0.04043894832608287,-0.3650510285201902,-0.7309001867408387,-0.3608918082364641,True
soft rock,1980,1984,1980_1984,37,0.17899933268811583,-0.5500297119371798,-0.12225394156037761,0.1289959507225893,-0.1086514389241959,0.018196034148594564,-0.018923869988754182,True
soul,1980,1984,1980_1984,70,0.5709570061170421,-0.7172032761936702,-0.10050000475580456,-0.14669473247525017,0.11850646720872299,-0.585730256012961,0.3034123710418673,True
soundtrack,1980,1984,1980_1984,37,-0.477596500925612,-0.7951487067932936,-0.011907885305296772,-0.04331072627606036,-0.9962808541234885,-0.5105282587166908,-0.42063117213788764,True
synthpop,1980,1984,1980_1984,21,0.5975823144203286,-0.35466053048568497,0.12891470077261585,0.39976358600618156,0.1954013536394368,-0.15913780845052508,0.17729381685798587,True
thrash metal,1980,1984,1980_1984,52,-1.2608606328805045,1.0823811376159231,-0.19935471163604307,0.09033740139596917,-1.268004690203396,0.3886468248721524,0.6714137543263449,True
alternative rock,1981,1985,1981_1985,55,-0.37780707004999614,-0.04875644158261481,0.04701252773742914,0.09848654054011914,0.1947099201424244,0.4030132307375374,-0.5143685340506625,True
ambient,1981,1985,1981_1985,31,-1.2673993480196932,-1.6485552866914062,0.036943619871497975,0.23616803780966683,-1.4127073115533817,-0.7902960815789903,0.7319839188824853,True
black metal,1981,1985,1981_1985,24,-1.5801476982031364,0.519792007512942,-0.04216922764653281,0.008766165442546015,-1.1999679143580297,-0.1550226806979612,-0.46029055081398645,True
blues,1981,1985,1981_1985,32,0.16229479514421577,-0.7704763597077843,0.034471343386559494,-0.01326339094301882,0.31982454023563506,-0.11842769609231855,-0.10217438416995403,True
bossa nova,1981,1985,1981_1985,23,0.4851817797711902,-0.40733589317260216,-0.1606474050889943,-0.11383310487711912,0.6629044302760272,0.3163864771615223,-0.24985355232566459,True
classic rock,1981,1985,1981_1985,175,0.21873106515235902,-0.12311727539219465,-0.048397794689222194,0.16989663500553448,0.22063655039809507,-0.10863483490046874,0.15365561908467654,True
disco,1981,1985,1981_1985,64,1.2426057231253147,-0.2791678516042661,0.14943219993619794,-0.4758840750398802,0.8648121600748145,-0.22057547585769213,0.5253079791113137,True
electronic,1981,1985,1981_1985,23,0.32112285532891305,0.16360002579983868,0.24217839821537485,-0.20578255761686798,0.26549008550756503,-0.3446820119750933,0.10074664554510177,True
experimental,1981,1985,1981_1985,27,0.048668799326786694,-1.2458699024471986,-0.39540971965090876,0.08709347703566542,-0.6392690613477154,-0.330569667905181,-0.18036122250394493,True
folk,1981,1985,1981_1985,28,-0.1810570967242644,-1.3203411952635344,-0.012972819633926201,0.18500261652706465,-0.47046392546904686,-0.1389038595728377,-0.21729390174443886,True
funk,1981,1985,1981_1985,73,1.0240161685960487,-0.09278610427945098,0.1594059728788606,-0.06848816927943477,0.5896009442225498,0.0057213272502038,0.435448697068257,True
glam rock,1981,1985,1981_1985,25,0.3569780521490513,0.14486197337298645,0.03413071862641242,0.3753379836983448,0.27700321643823783,-0.08248567833156704,0.23133025021002904,True
gothic rock,1981,1985,1981_1985,50,-0.45019185610695245,0.09466163960984623,0.055930703275825354,-0.2591132402059223,-0.30676662162789226,0.4305611237330075,0.09414613285925971,True
hard rock,1981,1985,1981_1985,247,-0.5190700361258356,0.5299510154378699,-0.078576084601524,-0.15105960396203771,-0.3015713971851568,0.13588318917198747,0.040219639977288994,True
hardcore,1981,1985,1981_1985,31,-1.0516354012612532,0.7754498309797091,-0.18281428990080967,0.3043885995198031,-0.8898766811046646,-0.25077889528362335,-1.1548572522388147,True
hardcore punk,1981,1985,1981_1985,56,-1.0726099315341797,0.6104420951825775,-0.10542811167384704,0.14723766272323924,-0.6441100525203378,0.37727615494915484,-1.1148844971199636,True
industrial,1981,1985,1981_1985,23,0.2122257721483871,0.2698287616769743,0.13554803851715946,-0.02188365213737029,-0.4911136568425,-0.3210086784484679,0.17214752491867924,True
jazz,1981,1985,1981_1985,28,0.4331873287173567,-1.1076923017044364,0.15247349243751107,-0.041587106295887896,-0.23078394252133164,-0.3708142143070882,0.36106050570080866,True
metal,1981,1985,1981_1985,58,-1.1052772556702015,0.809476211169769,-0.08915195318406062,-0.270781308691518,-0.4044372526310253,-0.1269335698509454,0.289109038854349,True
mpb,1981,1985,1981_1985,49,0.3964414777836017,-0.3880106822483867,0.10242250727304268,0.15263265612378574,0.35547012550885126,-0.040271633146770014,-0.12613720055087183,True
new wave,1981,1985,1981_1985,498,0.5090367361207447,0.037439171517830015,0.04756966498659267,-0.016713803388950656,0.4194391797410747,0.0076769902995026534,0.025318856337908948,True
pop,1981,1985,1981_1985,179,0.6946155957926771,-0.2683693766063864,0.023291620113575835,-0.05424575002901372,0.4152205732639372,-0.034842519716893096,0.11116143967936735,True
post-hardcore,1981,1985,1981_1985,21,-1.2066857854796749,0.9100483171415428,-0.1459786783580229,0.1094727089194138,-0.561749424121517,-0.33555774031694063,-0.7283739750840846,True
post-punk,1981,1985,1981_1985,294,-0.2663640172772317,0.298854651817498,0.054225262299850856,0.04473278811285594,0.05002477342545436,0.2210120429418232,-0.15864358623861846,True
power metal,1981,1985,1981_1985,24,-1.1686332293937578,0.7424966501308924,0.06001820039759025,0.09688439098480534,-0.897836985045179,0.3551128583058009,0.4841873174935912,True
progressive rock,1981,1985,1981_1985,121,-0.06449520013163744,-0.046310348594768715,-0.06694193747541108,-0.07279781191888411,-0.28526360954166236,-0.04005265375429616,0.5692352877403545,True
punk,1981,1985,1981_1985,93,-0.5031140897980095,0.5586730522610465,0.08382530728959026,0.09972691438939434,0.037818843923728584,0.34431284276125246,-0.9995188483990988,True
reggae,1981,1985,1981_1985,25,1.2551459771623712,-0.5876712657593628,0.35023049604289974,-0.04762949890449994,0.6470261151951346,-0.1752045707106451,0.1467022666511746,True
rock,1981,1985,1981_1985,78,0.12787046527192594,0.058321399815770766,-0.26575881379435756,0.2527858669441872,0.2897951506463487,0.16674709851126446,-0.202076151282522,True
shoegaze,1981,1985,1981_1985,25,-1.07925939598842,-0.10507160323498872,0.055930703275825354,-0.04762949890449995,-0.9381930448891097,0.312493643120652,-0.615148515707223,True
singer-songwriter,1981,1985,1981_1985,29,0.1681405729116991,-1.4444592317238825,-0.41803103194675545,-0.015542310569111725,-0.37205602535145615,-0.6219529303735855,-0.24888874419546528,True
soft rock,1981,1985,1981_1985,32,0.1826312659865396,-0.5551612091866908,-0.22951284572742503,-0.07935206009971331,-0.19384907522616296,-0.06667949680885632,0.1709196577093655,True
soul,1981,1985,1981_1985,82,0.5243581694519891,-0.8987390102853848,-0.07540091156332077,-0.16317183561552095,-0.011276370241552288,-0.6141910144606121,0.3058355912131932,True
soundtrack,1981,1985,1981_1985,29,0.08611111069056052,-0.7045598394347992,0.11757203918106185,-0.16139316663905817,-0.4675102518538386,-0.475191889089186,0.12447291819926404,True
synthpop,1981,1985,1981_1985,26,0.6927519841742451,-0.3963595191677551,-0.021207703945174187,0.3883523677784323,0.3321441300297871,-0.0579842466915724,0.09709591903624237,True
thrash metal,1981,1985,1981_1985,80,-1.310885988462249,1.0814119501415738,-0.0626067132553574,-0.026481124774357722,-1.2823199789549995,0.25865834952901046,0.5718022777095763,True
alternative rock,1982,1986,1982_1986,60,-0.4026697933026362,-0.026003844266992905,0.09013214818290116,0.1441090104978247,0.24639022802410782,0.453420300452192,-0.5149353607338787,True
ambient,1982,1986,1982_1986,34,-1.1571909903385404,-1.5496211221709333,0.004332221278686906,0.14826432139915033,-1.2198505695711075,-0.7826245358454261,0.5930001133638398,True
black metal,1982,1986,1982_1986,21,-1.5588408277488914,0.5238219311544186,-0.09194620052910649,0.002828439852754124,-1.0085701848616861,-0.11199192077297881,-0.3725761791442041,True
blues,1982,1986,1982_1986,38,0.2304470214005982,-0.6483526260678799,-0.02344627074575573,-0.07152975522359882,0.439149106782221,0.043554510540319204,-0.05179649962918927,True
bossa nova,1982,1986,1982_1986,21,0.5113520455372199,-0.66011961450545,7.895766468799103e-05,-0.09808625346515344,0.4636682390506587,0.2739876451837808,-0.2595640885373558,True
brazilian rock,1982,1986,1982_1986,23,0.22110272525718863,-0.18179488738886265,0.4396276946275944,-0.027884727678782962,0.2831428976683549,0.06835169537565752,-0.4700424534519697,True
classic rock,1982,1986,1982_1986,172,0.279081454987107,-0.15604376328278163,-0.01719486771055914,0.16710817316097576,0.22554401330982377,-0.08424689912644234,0.14927247823055073,True
disco,1982,1986,1982_1986,52,1.2471727320201245,-0.30411870348767567,0.21825948382195343,-0.43188100828592463,0.870299177597122,-0.17716672159515684,0.32951651932316456,True
dream pop,1982,1986,1982_1986,23,-0.8803275937763191,-0.701482436251193,-0.43661185513070927,0.15639427751043955,-0.8387221163682745,0.1654235365177963,-0.268294419511431,True
electronic,1982,1986,1982_1986,25,0.45063199748701943,0.3925512947284455,0.04688032383181774,-0.22322047317935884,0.2774940009344827,-0.22877882270492075,-0.009973743495183237,True
experimental,1982,1986,1982_1986,28,-0.07028984900220316,-1.3575882388346006,-0.28914296808723744,-0.047628906806199654,-0.7049542695672313,-0.36906739759857843,-0.26071838495536553,True
folk,1982,1986,1982_1986,27,-0.04571878042134855,-1.2582761107274838,-0.12408197005709815,0.23829605759453845,-0.3565278821927074,-0.1457591110917544,-0.28021561026681635,True
funk,1982,1986,1982_1986,64,1.0937006139426353,-0.056114630701189896,0.2235686275639031,-0.085471916800415,0.6006527991680664,-0.03764859887690893,0.41778902330676226,True
glam rock,1982,1986,1982_1986,28,0.4045949889445411,0.04560923694574305,0.016512021627865588,0.3308011931359537,0.3214038543533518,-0.10558199046887162,0.11274406268121183,True
gothic rock,1982,1986,1982_1986,44,-0.44845150283830554,0.2963806961767798,0.0165120216278656,-0.25404532495646515,-0.3351544811202798,0.38320270295203185,0.37781450583148773,True
hard rock,1982,1986,1982_1986,260,-0.4639843070393201,0.5527568806695922,-0.048259532023920526,-0.16290453725011714,-0.34409886107632337,0.17247549981261248,0.016348325431888515,True
hardcore,1982,1986,1982_1986,25,-0.9305981632646878,0.7365890241065298,0.05792334281507308,0.37015792352993765,-0.5059862032901088,0.08955999432582676,-0.9437726853228221,True
hardcore punk,1982,1986,1982_1986,58,-1.0556650071176181,0.5995166377165158,-0.10486598874843227,0.16116011385154014,-0.6262666730938965,0.3499792945869176,-1.16439006012075,True
industrial,1982,1986,1982_1986,34,0.07671378267800842,-0.02477138863016418,0.13425009166992613,0.023604994359382153,-0.5368666370961949,-0.322499860929945,0.18792641864666226,True
jazz,1982,1986,1982_1986,31,0.25275500244640453,-1.1405997336219673,0.17904032521206706,0.16233876154880159,-0.479488215832509,-0.61805170594643,0.5198811094001963,True
metal,1982,1986,1982_1986,57,-1.1623160014865404,0.7366566687789906,-0.10578457018230863,-0.48049982814354,-0.493468211757889,0.1712951175723321,0.4158810980802003,True
mpb,1982,1986,1982_1986,53,0.4225598231262535,-0.5475861400352249,-0.00041713483231358106,0.0694702184589195,0.2323055489739763,-0.0538510590954974,-0.12561166215645145,True
new wave,1982,1986,1982_1986,484,0.4748380724191463,0.056684666015190295,0.029631310709212315,-0.04387588102164938,0.452723455927494,0.0020670521746189463,0.06453093323516974,True
pop,1982,1986,1982_1986,213,0.6792020184399256,-0.18926897786483907,-0.04991458904019028,-0.0469182399518482,0.4968175744811689,-0.010957117222164511,0.09541592560811381,True
pop rock,1982,1986,1982_1986,21,0.6299417808162795,-0.3839893395706892,0.34188668809878164,0.10374313317066168,0.47080020254856336,-0.13484307426858755,-0.09647690367459201,True
post-hardcore,1982,1986,1982_1986,22,-1.2181313947852883,0.9032225902020558,-0.10270238785045906,0.03493766045390653,-0.5259207893748117,-0.20889935841127147,-0.7827403412649313,True
post-punk,1982,1986,1982_1986,228,-0.2619529488800448,0.30838710143213227,0.06857888744803875,0.11436573246728353,0.1137453317451287,0.2150014017634499,-0.1571062735256268,True
power metal,1982,1986,1982_1986,25,-1.1321702112229197,0.699433650378484,0.024794285865307075,0.03108455398176824,-0.8098451539560692,0.36309973339110024,0.43663447860716814,True
progressive rock,1982,1986,1982_1986,108,0.055005070865805424,-0.11123214719397402,-0.05250684701748027,0.02245074133123615,-0.19718437522142962,-0.15354517966446934,0.6293024617700546,True
punk,1982,1986,1982_1986,102,-0.4614565517985744,0.522662114410688,-0.04980022471766276,0.16904087590577835,0.024549589067487245,0.24310396844805338,-1.103690320769119,True
reggae,1982,1986,1982_1986,23,1.380705236522494,-0.6367119939443043,0.5236506651523632,-0.027884727678782962,0.6837016368667289,-0.28565493063151975,0.21067626287207486,True
rock,1982,1986,1982_1986,91,0.12109614369956417,-0.06754016210685335,-0.09194620052910644,0.19689515777180713,0.24693813725141234,0.19738186445991193,-0.16823239588549244,True
shoegaze,1982,1986,1982_1986,28,-1.0227810409935592,-0.20006940503973486,0.12497024378483763,-0.12331492679463033,-0.7897149126769448,0.3597312735302008,-0.6507480713372619,True
singer-songwriter,1982,1986,1982_1986,31,0.25400188686711994,-1.3084773458375167,-0.2840540192470276,-0.1111075042158512,-0.20385463895939285,-0.49846708230521297,-0.211601341676901,True
soft rock,1982,1986,1982_1986,38,0.318361748131865,-0.5636046131268618,-0.0016508385419622758,0.15154483000546,0.021234814129999544,-0.3064095369317559,0.2002891964866681,True
soul,1982,1986,1982_1986,87,0.6328070118238629,-0.9682300216204713,-0.12231903599208295,-0.07024771737745479,-0.012173717055035062,-0.5996664678415891,0.2044870261501396,True
soundtrack,1982,1986,1982_1986,35,-0.07533845857505898,-0.6619953266000993,-0.005179622803528824,-0.017354498810827387,-0.49138213649670703,-0.6401859820565252,-0.0832188988191837,True
synthpop,1982,1986,1982_1986,35,0.6728023725025029,0.008178452765535206,-0.1629370368500336,0.16429194916140624,0.2464688624934437,-0.00817396597286412,0.11069639802375116,True
thrash metal,1982,1986,1982_1986,131,-1.2606091510966324,1.0290691905666498,-0.00403558048792441,-0.09962693580588484,-1.2082224464039113,0.15518670856664935,0.5383671891385139,True
alternative rock,1983,1987,1983_1987,79,-0.23041442818581412,-0.02143272402381891,0.06998156026706144,0.03001055435966171,0.23983443074862665,0.2863125772763454,-0.5470390619515089,True
ambient,1983,1987,1983_1987,43,-0.9763841453823549,-1.4299952722871527,-0.1379313865748732,-0.1871338004887309,-1.157135129438157,-0.8200420636871563,0.3167873382487802,True
black metal,1983,1987,1983_1987,32,-1.4119315228160596,0.6510992527224149,0.20177221612131846,-0.02801063627751235,-0.9502611223218079,0.09649434700232626,-0.24244744161267293,True
blues,1983,1987,1983_1987,50,0.16277908505872074,-0.9445499172514374,-0.07806291069554909,-0.19009997986043514,0.17278960941557578,0.0383422936841598,-0.14609254837263572,True
bossa nova,1983,1987,1983_1987,21,0.40401092421154605,-0.7503017708796201,-0.0009171201433330677,-0.20832079600090425,0.3784775178048077,0.2130760071308573,-0.24650442160426897,True
brazilian rock,1983,1987,1983_1987,31,0.2554260025430076,-0.18996545098964093,0.2909789609893889,-0.05158259264203049,0.34967873646791203,0.11628651731342796,-0.32789834508562044,True
classic rock,1983,1987,1983_1987,172,0.2750077588725452,-0.15535153428404216,-0.036322712533994495,0.20835678240517147,0.2156817459658391,-0.05979306849761059,0.06127441529168198,True
death metal,1983,1987,1983_1987,20,-1.6084607097919903,1.0761574274007528,0.4739786282046407,0.27756763441160437,-1.4519740206687703,-0.4545238430844435,-0.3780483549439032,True
disco,1983,1987,1983_1987,41,1.2214275154017602,-0.27714951825578193,0.10218450438351762,-0.4379327067141324,0.9417025281493889,-0.21356992325766763,0.3246822593870491,True
doom metal,1983,1987,1983_1987,21,-1.4442369850221664,-0.285651291168469,-0.14622597221086325,0.3990397420147315,-1.0472339426331634,-0.7351121635411233,1.25276403352646,True
dream pop,1983,1987,1983_1987,24,-0.8603263469207181,-0.7905932777673174,-0.4252850176587339,0.08270612846492126,-0.797339582429872,0.2141984323876577,-0.2562588145567815,True
electronic,1983,1987,1983_1987,27,0.5027778994337126,0.4227133069773628,0.015228307864170317,-0.3995268913021229,0.27291638217481223,-0.14048377545507787,0.04659741563564636,True
experimental,1983,1987,1983_1987,20,-0.7189332553026717,-1.015789537769536,0.3075339431091061,0.06499144610613186,-1.0310026457711854,-0.047341064911218964,-0.5763785414299185,True
folk,1983,1987,1983_1987,27,-0.01057999420757959,-1.2328618719586855,-0.10806405146585536,0.30906040304945215,-0.25385533321417353,-0.06816290264414812,-0.29163183720844493,True
funk,1983,1987,1983_1987,74,1.0425074727023094,0.08458943029673771,0.28541629351307785,-0.0441692992399216,0.4862191774141306,-0.040201370851864135,0.07667918236306441,True
glam rock,1983,1987,1983_1987,23,0.25148791157291456,0.050555718388468354,-0.018721762096271556,0.24059786253239177,0.3549162318727803,0.027297556240428213,0.06916976941637434,True
gothic rock,1983,1987,1983_1987,37,-0.38390172657333965,0.12141424658874647,0.18045117678616412,-0.33143441857164124,-0.22065816418345266,0.3985927293513475,0.44070501478094387,True
hard rock,1983,1987,1983_1987,265,-0.43678341053723774,0.565287454598544,-0.059638844923967906,-0.09945428446979972,-0.3203177629680458,0.16716609973906005,0.07533155854413268,True
hardcore,1983,1987,1983_1987,24,-0.826670185780512,0.7937929842099781,0.04861998851605224,0.259852952052815,-0.28422167851043706,0.3968303422801048,-0.9585919301125058,True
hardcore punk,1983,1987,1983_1987,58,-1.0588618462930988,0.6581542065294922,-0.08131527810546184,0.26290720763191666,-0.44641000649869433,0.36253916636151345,-1.0798468341244771,True
indie rock,1983,1987,1983_1987,20,-1.215137180182217,0.36812300790861635,-0.09470737920510255,0.06499144610613186,-0.48751274207163775,0.29754475310632067,-0.27872347430791544,True
industrial,1983,1987,1983_1987,40,0.2558626765466993,0.089357397794451,0.10641328195200177,0.06499144610613186,-0.4138871214925143,-0.31730159045484146,0.3285703902972404,True
jazz,1983,1987,1983_1987,41,0.11560248148160503,-1.3793867709444054,0.1833770336984126,-0.023149900264429913,-0.5174418561281919,-0.4639752112712181,0.31666134807188834,True
metal,1983,1987,1983_1987,52,-1.0690138690743787,0.6151635202859018,0.02372441595902784,-0.48280103914258576,-0.4751522578574928,0.20265330931298828,0.5064687331265355,True
mpb,1983,1987,1983_1987,38,0.4968311438351167,-0.6128582768496096,-0.05236618738255429,0.031426784794741466,0.36208164038801305,0.05158009119377769,-0.14638682874775885,True
new wave,1983,1987,1983_1987,437,0.5046296518035688,0.07795253930367246,0.0022266536480177092,-0.09018430691319475,0.49173675536476447,-0.017099969845241054,0.06450234377772943,True
pop,1983,1987,1983_1987,278,0.7319049322524859,-0.13603156288994475,-0.015077367990332411,0.022170343425892792,0.5313112425782613,-0.09397875337331404,0.09385448298283758,True
pop rock,1983,1987,1983_1987,21,0.4981112779967801,-0.20256965899988588,0.14439173192419716,0.19658622934285294,0.20217878922165408,-0.37244215060453173,-0.11736941478799381,True
post-hardcore,1983,1987,1983_1987,23,-1.1600867396078,0.8585093911876153,-0.15139506181010348,-0.03667542656170282,-0.5191256091131844,-0.20845959934806788,-0.8911526033125293,True
post-punk,1983,1987,1983_1987,238,-0.19263504280229934,0.31092333644275494,0.03793551409932208,0.09535947300691365,0.1736989003110274,0.2182081289859726,-0.13110611365180252,True
power metal,1983,1987,1983_1987,33,-1.150988964173728,0.7099074568606459,0.1852223184555693,-0.19911836360672794,-1.005067648786471,0.2886954682097381,0.49734141178468977,True
progressive rock,1983,1987,1983_1987,83,0.11835668504585256,0.13017857114751974,-0.11041601414383777,0.1648766430207515,-0.10115378276212657,-0.09357648745196993,0.5649186753346084,True
psychedelic rock,1983,1987,1983_1987,22,-0.40686153887616267,-1.2163712190609772,-0.0417477066747052,0.5094689307448471,-0.9949358418167248,-0.08821874458466095,0.2100222877907514,True
punk,1983,1987,1983_1987,62,-0.48619951671653655,0.48485057829149497,-0.07591523733947768,0.18842278125124495,-0.11642971535806562,0.20234718830931564,-1.0671047479010296,True
reggae,1983,1987,1983_1987,23,1.2681808644264243,-0.6122554517209876,0.2104412101367109,-0.12909985625973436,0.7692190342660894,-0.021806222622207588,-0.09873170601174679,True
rock,1983,1987,1983_1987,110,0.05986316654291285,-0.1952186919052219,-0.021572593329791907,0.18094209427275326,0.15586740989795547,0.23190400592384722,-0.11580256304112421,True
shoegaze,1983,1987,1983_1987,33,-0.8192356778601146,-0.1983071450182394,0.21884750736375808,0.05854974343020846,-0.6001423496873758,0.24605045512787888,-0.6921250167053322,True
singer-songwriter,1983,1987,1983_1987,38,0.23564180324389766,-1.3289275647159446,-0.16916947516889436,-0.08045541957655987,-0.20787359136041914,-0.29388488722280554,-0.23679984772688584,True
soft rock,1983,1987,1983_1987,42,0.33968243377079255,-0.6083123824370503,-0.09338638964085229,0.14597285117488332,0.14119215172054353,-0.1883556736623676,0.14821041291422152,True
soul,1983,1987,1983_1987,95,0.6776658335245378,-0.8848073182921424,-0.0786469271344808,0.03142678479474146,0.004694750371623695,-0.5636583610456168,0.31355433293959833,True
soundtrack,1983,1987,1983_1987,42,0.06136867554158262,-0.5807453210702223,-0.047151754892092675,-0.2589341741688739,-0.17734511808856473,-0.5448257064645082,-0.2691083261983921,True
synthpop,1983,1987,1983_1987,38,0.7722698466520659,0.07675390553563045,-0.2567719410086495,0.19925009135169347,0.44487556012195134,-0.01651735489211669,0.15181769411545165,True
thrash metal,1983,1987,1983_1987,155,-1.23383943256301,0.9754156413613944,-0.013274764454061437,-0.14758474219934065,-1.1140255397005348,0.1547152699223107,0.5446712601274392,True
alternative rock,1984,1988,1984_1988,66,-0.27545079683167273,0.13835814802707105,0.0865414924885132,0.08386335809964586,0.1294865942864668,0.2495036830129795,-0.5945333609275597,True
ambient,1984,1988,1984_1988,51,-1.0488584881213756,-1.5423712308616013,-0.14152371230768396,-0.26375219260763944,-1.2099790333505513,-0.7587619888843027,0.2559810460004546,True
black metal,1984,1988,1984_1988,31,-1.3997713050133358,0.6505790297463314,0.20124400182721336,-0.058847133280094555,-0.9418306281717235,0.10433289205261687,-0.2264344616605826,True
blues,1984,1988,1984_1988,48,0.2673570787827683,-0.990345059805357,-0.04029957015713626,-0.19061995926211764,0.14843438878690493,0.02393932176268551,-0.15371431833011343,True
brazilian rock,1984,1988,1984_1988,32,0.3124248946134796,-0.16008100779232834,0.3404878699936572,-0.0352139634028839,0.43068917104026583,0.22651505607390046,-0.34126954621966044,True
classic rock,1984,1988,1984_1988,179,0.2816065978886732,-0.15802471742453092,-0.06342385327260942,0.24496332681739463,0.2717798345538607,-0.006159383070372361,0.021617348981012908,True
death metal,1984,1988,1984_1988,21,-1.567472084584214,1.0435962669329597,0.4580046045222008,0.2914557829950973,-1.4105941402822573,-0.463233752530824,-0.4362262303901326,True
disco,1984,1988,1984_1988,41,1.1232668822625282,-0.1998491087293297,-0.11403238299586743,-0.3422355649784433,1.028287987741249,-0.17905521058216356,0.15728357370451973,True
doom metal,1984,1988,1984_1988,21,-1.3409782724536128,-0.25093977205062634,0.032785042129166504,0.2914557829950973,-1.0189228291850714,-0.8316919375328282,1.028748324010456,True
dream pop,1984,1988,1984_1988,28,-0.6623009954299952,-0.644790033479909,-0.31602788014636946,0.2407109680206536,-0.5307555543865815,0.061063099545459666,-0.2412452445032189,True
electronic,1984,1988,1984_1988,21,0.5209497324322231,0.33493976150410215,-0.11338418244343904,-0.41897162664711424,0.230991087606491,-0.1482372523680969,0.23159075571177629,True
experimental,1984,1988,1984_1988,22,-0.4657918754735018,-0.3512875773498535,0.28103112187850904,-0.17447388177024922,-0.6825353112111411,0.16213804390290296,-0.15817421250551503,True
folk,1984,1988,1984_1988,29,0.09579257658726235,-1.201131366001335,-0.009828556257204383,0.10947437756950613,-0.21993641264877806,-0.02454117467301486,-0.4029723117981448,True
funk,1984,1988,1984_1988,67,1.0166935987142962,0.10544511231305707,0.28803577757685084,-0.0024097126778004486,0.412558471768469,-0.030893554195869345,0.43477042811369254,True
gothic rock,1984,1988,1984_1988,32,-0.30323054564425006,0.1713977909106083,0.0003952707750096082,-0.23502167236475588,-0.14383703973146747,0.4202857073099997,0.5126773889648661,True
grunge,1984,1988,1984_1988,20,-0.7170263665159173,0.2814556773100084,0.3038625131547259,0.05802963411265634,-0.09972086768142378,0.5112827922145605,-0.7494937552031372,True
hard rock,1984,1988,1984_1988,270,-0.3453713764468162,0.48117852203480266,-0.005159897987156337,-0.060374934161045564,-0.2889482118387324,0.15374455892155314,0.08696156135954901,True
hardcore,1984,1988,1984_1988,24,-0.8697475286413976,0.8026591432014559,0.08759850134389359,0.16459374555898806,-0.2872102265485175,0.37214725470022314,-0.7846031766306109,True
hardcore punk,1984,1988,1984_1988,50,-1.0615561528169049,0.6500483818476315,0.05271720911634001,0.27115785700531975,-0.45245945081958255,0.453962139688924,-0.8464792152858739,True
indie rock,1984,1988,1984_1988,30,-1.0380720408877766,0.37940328966546033,-0.3379532638322603,0.20011511604109863,-0.407177849926324,0.33523895467934295,-0.18398255900896945,True
industrial,1984,1988,1984_1988,50,0.3817676898511227,0.21345631098323864,0.08620324965479145,0.015403989534123664,-0.2385725721733247,-0.05283638903792823,0.16852528041488818,True
jazz,1984,1988,1984_1988,49,0.18212045814831548,-1.3785982785755524,0.12959842463829488,-0.17249681105695922,-0.34614944512692675,-0.4833435875149603,0.3418057695874947,True
latin,1984,1988,1984_1988,25,0.556614532708563,-0.44392487812239784,-0.3100482300502174,0.35640914616238517,0.4031338541483745,-0.28151147839678403,-0.10904842111111158,True
metal,1984,1988,1984_1988,54,-1.0194695972334036,0.6091709784992874,0.037214412570760615,-0.3682268116726706,-0.4978512878198846,0.25774089539895717,0.3742427253605519,True
mpb,1984,1988,1984_1988,30,0.3402331907815392,-0.7087456742834327,-0.003092858447745761,0.05802963411265635,0.26095471516386787,0.07556505170739032,-0.18942741683197512,True
new wave,1984,1988,1984_1988,362,0.5219234919155487,0.026773088273058028,0.009549201055721188,-0.0915133731103727,0.48432829861307236,-0.044744396909511125,0.0725188415089908,True
pop,1984,1988,1984_1988,314,0.7400144784409757,-0.09828579930374233,-0.017489723010455774,0.005086954540593454,0.570703322977484,-0.10729373490751108,0.04026121226960376,True
pop rock,1984,1988,1984_1988,26,0.6283379821978292,0.1475897515934397,-0.05460984389151721,0.12360754884886048,0.36269155312586054,-0.33695321161703556,-0.0830075873133122,True
post-hardcore,1984,1988,1984_1988,22,-1.1252992256802932,0.8980626617294937,-0.16291259738126407,-0.07759741681903856,-0.4410257309617547,-0.12614742641802482,-0.7993167053241499,True
post-punk,1984,1988,1984_1988,229,-0.26895213887159436,0.30245608260892637,-0.019787136299884947,0.10177210780678378,0.10452756860130216,0.279386407173468,-0.12225989517647974,True
power metal,1984,1988,1984_1988,51,-0.9591100805018531,0.6483821485239377,0.17035607702103056,-0.26375219260763944,-0.848347239567692,0.14266806482066854,0.41138905569188405,True
progressive metal,1984,1988,1984_1988,21,-1.0354508801041995,0.9120929978843058,-0.10009607111865672,-0.6219508865448888,-0.7385839292728754,0.047474906669081725,0.29639708224111605,True
progressive rock,1984,1988,1984_1988,66,0.16918589520783475,0.08151185658441225,-0.18828080991039395,0.11615551308338273,-0.09146934817237647,0.04739493735288126,0.47284066623687865,True
punk,1984,1988,1984_1988,75,-0.5852120187742529,0.5724005719658476,-0.10169064447763058,0.21432366423394286,-0.06237626649529824,0.36927881684296937,-0.9528745901862097,True
rap,1984,1988,1984_1988,23,1.4386449608229912,-0.36360518016135246,0.1922423780265544,-0.2292301445687596,0.4577372267155066,-0.3779923454910343,-0.207646155815033,True
reggae,1984,1988,1984_1988,21,1.1289207985621357,-0.6693961621406332,0.4181402705478539,-0.013013106851564806,0.9688340594651007,-0.34285971962408196,-0.11203474287904369,True
rock,1984,1988,1984_1988,135,0.07690016601540227,-0.21932487090732442,-0.04340012946625213,0.1290723750768775,0.1871756673164376,0.2398132784033466,-0.10467046805906496,True
shoegaze,1984,1988,1984_1988,47,-0.8781976358479159,0.038798337450681473,0.020062382350119604,0.10791070755562013,-0.5943349443570283,0.2767598936010577,-0.5889248022181697,True
singer-songwriter,1984,1988,1984_1988,50,0.28775680754846317,-1.3598707171263658,-0.053321919255422935,-0.06984729962294173,-0.14285540839749636,-0.17636314632709824,-0.12173836719052583,True
soft rock,1984,1988,1984_1988,46,0.39324356126305526,-0.6698902699685134,-0.02007853118464142,0.14142763437500291,0.16191642136844533,-0.20993562394408033,0.10318944166650985,True
soul,1984,1988,1984_1988,105,0.6489772206036993,-0.8284704715179141,-0.03631313675970157,0.007284819138212665,0.09731224272225171,-0.5235488956468546,0.2603605026001804,True
soundtrack,1984,1988,1984_1988,39,0.10307314784493182,-0.5664492713055005,-0.1225836441298268,-0.12230963141190501,-0.16078645270627367,-0.5742690187147419,-0.28050499455024597,True
synthpop,1984,1988,1984_1988,36,0.6495709250408178,0.242129841167295,-0.3271013062503548,0.10539146142213711,0.3911711166090179,0.03896740172251985,0.18619947293554287,True
thrash metal,1984,1988,1984_1988,175,-1.0847956939629815,0.9287257261732375,0.07424394946248736,-0.25252863353093896,-0.9619799441067175,-0.07749375890604193,0.4789060275188918,True
alternative rock,1985,1989,1985_1989,64,-0.25950835417023427,0.2340832902937213,0.04265850184955857,0.05370455845899065,-0.004096187926808836,0.22351650796990433,-0.5646524373867364,True
ambient,1985,1989,1985_1989,35,-1.206005500840271,-1.7750937485771479,-0.2521927682298285,-0.3504626802165828,-1.3509224221147946,-0.8941254555177146,0.013355136500064676,True
black metal,1985,1989,1985_1989,20,-1.2292665750110587,0.707343101161633,0.2704357832174403,0.15402975954867199,-0.784873675992291,0.10818084115502265,-0.10181471146565566,True
blues,1985,1989,1985_1989,58,0.3316103192514279,-0.9503860521181344,-0.07816667779002986,-0.08582819248183053,0.253106581844498,0.08611882866815687,-0.28076738987213234,True
brazilian rock,1985,1989,1985_1989,34,0.1259152930666697,-0.25171861885868996,0.16201441331683936,-0.0033431049057301137,0.3826453883035119,0.29079356997392564,-0.3162992237112806,True
classic rock,1985,1989,1985_1989,175,0.29483735682833345,-0.16449517935491675,-0.1101654672258379,0.18766258886635565,0.3315457275389238,-0.039172979535477,0.04185370452565877,True
country,1985,1989,1985_1989,20,0.16720359308069088,-0.8815773848088598,0.3123258579517633,0.5820839508646457,0.14531731887177274,0.008406461780127661,-0.5250566224538306,True
death metal,1985,1989,1985_1989,40,-1.6424689000911143,1.1434908630725658,0.012113655689114666,0.10052298563417528,-1.5283148252685177,-0.3950034278133408,-0.5680251259737118,True
disco,1985,1989,1985_1989,37,1.0770082062060469,-0.04966981387663405,-0.024681680226169088,-0.4099605600906177,1.0497661881409284,-0.09111892541586109,0.1463302833368951,True
doom metal,1985,1989,1985_1989,21,-1.3281684404237417,-0.15625292340975358,0.16005876090160487,0.07759151109939097,-0.9725836797115102,-0.7068265715286012,0.7215085069565832,True
dream pop,1985,1989,1985_1989,35,-0.6990639474361822,-1.0407277461822886,-0.26815089193814207,0.2610433073776654,-0.6743552846267609,0.03815348270133626,0.03961089615268335,True
electronic,1985,1989,1985_1989,22,0.510552927807758,0.341775189126945,-0.1941632274723247,-0.38103797959629515,0.15129988083580917,-0.08522167027533806,0.16899850384773468,True
experimental,1985,1989,1985_1989,22,-0.48362964523156565,-0.4577392928736664,0.1358797855859783,-0.18646789263448893,-0.7717189961388109,0.11512531993065732,-0.21333397724349198,True
folk,1985,1989,1985_1989,29,0.0957016910558829,-0.971126837785569,-0.015572313244489645,-0.12272941587113861,-0.190161919668063,-0.02589667539588732,-0.2035956720967992,True
funk,1985,1989,1985_1989,62,1.0317011534294795,0.08062477719889236,0.11008237885809605,-0.10487398519889275,0.5000915462195781,-0.1048850426877887,0.34109784158558343,True
glam rock,1985,1989,1985_1989,20,0.1533855320474729,0.15137680947149995,-0.008831381678046854,0.2610433073776654,0.08838558966982608,-0.1306355432290665,-0.0653694010535991,True
gothic rock,1985,1989,1985_1989,26,-0.060371412099042926,0.21917991638905138,0.17591458894512155,-0.2987198658816848,-0.11426593772519243,0.2818777674214959,0.6382425318612204,True
grunge,1985,1989,1985_1989,20,-1.2190299297966543,0.6707636367364131,0.24250906672789158,-0.1670108839383083,-0.6894135520952098,0.5302442903821483,-0.0025703107019762516,True
hard rock,1985,1989,1985_1989,258,-0.34744430798295256,0.5014514997773962,-0.0027697687965944286,0.0005607180884876127,-0.3189346664434261,0.1471525065753335,0.1446712733004432,True
hardcore,1985,1989,1985_1989,25,-0.8284300045495051,0.7468322957115865,0.15314357396133566,0.004210792588081187,-0.08496540405878936,0.3234251504996148,-0.8527967979835571,True
hardcore punk,1985,1989,1985_1989,34,-0.8781750242690901,0.9129069764442697,0.32628921619653767,0.24845347822131322,-0.36591142433751644,0.16188610308129672,-1.1595415375936884,True
indie rock,1985,1989,1985_1989,36,-0.8143800758254803,0.26067643391882694,-0.25551737733572716,0.2729337015808869,-0.25554718270361243,0.2518204427731821,-0.277020972057208,True
industrial,1985,1989,1985_1989,63,0.3867572294973775,0.17659776956626955,0.10243220306602815,-0.058298708365997515,-0.3192692522388814,-0.06999571611851532,0.29336917280355973,True
jazz,1985,1989,1985_1989,57,0.09937981982455557,-1.5246488907893834,0.00047752381846938015,-0.28716644641296757,-0.4063329868173405,-0.41396208309500626,0.33730414647853985,True
latin,1985,1989,1985_1989,28,0.6847161646046528,-0.4072913744773144,-0.20232363164134864,0.30690625644723407,0.4721719085680486,-0.24293501193595426,-0.2371537803026181,True
metal,1985,1989,1985_1989,40,-0.9837139904258626,0.5693179743162433,0.03305869305627622,-0.4880515274252886,-0.5685675395385239,0.490980374315241,0.4389962649768992,True
mpb,1985,1989,1985_1989,26,0.06414298402446038,-0.7733258316518824,-0.006683172717312362,-0.051765524737853834,0.14149126180174948,0.09555333107496486,-0.25036879623118846,True
new wave,1985,1989,1985_1989,316,0.5315456327287058,0.09999600040952003,-0.006887116605989668,-0.08979857727688266,0.5192369077031065,-0.016808806048985346,0.11863898784785108,True
pop,1985,1989,1985_1989,368,0.7329410049389253,-0.10852444202700917,-0.02658913075020555,0.07842236162601358,0.5610454514547552,-0.08264495051385222,0.03231272085956949,True
pop rock,1985,1989,1985_1989,28,0.6710189612481102,0.2435380575038723,-0.05271622187590912,0.07759151109939097,0.5552520049456974,-0.34254617034557466,-0.10643062029402424,True
post-hardcore,1985,1989,1985_1989,29,-0.7713062763767141,0.7099088237839349,-0.07335172667114215,0.02487547768609371,-0.2873041893459304,-0.278030854425797,-0.7843183163082345,True
post-punk,1985,1989,1985_1989,197,-0.30757914358879285,0.32856544787572434,-0.028819539165490345,0.08069560240697599,0.08610860017292495,0.32123753763794954,0.0375184968576915,True
power metal,1985,1989,1985_1989,43,-0.9422483305313303,0.6717979926279296,0.14768812236802847,-0.45569859436070914,-0.8756437657460948,0.2755571689264157,0.44536303779852876,True
progressive metal,1985,1989,1985_1989,25,-1.043811275870538,0.7970459241498429,-0.092611531146693,-0.595065075254282,-0.7880875639311106,-0.012510304919750595,0.4313473772597278,True
progressive rock,1985,1989,1985_1989,55,0.15369316976991934,-0.028198885668053682,-0.13830979449322725,0.14430125520058168,-0.15730988243226984,-0.0074357516200422415,0.5894466812346146,True
punk,1985,1989,1985_1989,94,-0.6169338703887977,0.6057413392378113,-0.16094285872750366,0.2564895393849423,0.05204293183277932,0.4079377618837424,-1.0748544004792422,True
rap,1985,1989,1985_1989,30,1.57373180559798,-0.3731366851560389,0.21458235023834282,-0.23835324915763725,0.5893950094658099,-0.44863944448162,-0.22077049803382937,True
rock,1985,1989,1985_1989,163,-0.09910765681342276,-0.08334609587974878,0.12155040512285234,0.1376166387160043,0.12046672611083004,0.22405583540171733,-0.06368671130312988,True
shoegaze,1985,1989,1985_1989,53,-0.8722263942209045,0.10879357574578549,0.11815614047254255,0.24489031902611924,-0.5705018640515669,0.26327312939032455,-0.5497270684791558,True
singer-songwriter,1985,1989,1985_1989,68,0.2527329120329985,-1.1574454747229228,-0.11314588150665529,0.028131467985150305,-0.027204095659189482,-0.10796801346677662,-0.09855909032766275,True
soft rock,1985,1989,1985_1989,64,0.43709641017465495,-0.6998231709460481,0.012113655689114683,0.05370455845899065,0.033716016710530754,-0.26547113066302214,0.28146494828433827,True
soul,1985,1989,1985_1989,121,0.6395277123546103,-0.7843212871745445,-0.0741475863602145,0.0700108583606193,0.10048288647849977,-0.43616835920983443,0.21054578620872294,True
soundtrack,1985,1989,1985_1989,41,0.05937594608329962,-0.6093148494964791,-0.038120377020744285,-0.09392846103070303,-0.17609947054972092,-0.509378664445484,-0.31460184011129744,True
synthpop,1985,1989,1985_1989,35,0.6256973324948439,0.1484967704704882,-0.2521927682298285,-0.04470968641945867,0.30555258896434834,0.1166913836609308,0.22592596881970134,True
thrash metal,1985,1989,1985_1989,196,-1.121329159485026,0.9287455691657649,0.1624334816915325,-0.3591984800393577,-0.9087692121993801,-0.01948259581558995,0.3413461825563189,True
alternative rock,1986,1990,1986_1990,76,-0.17514411718340614,0.25356630539884734,0.047676837338639526,0.02632503324606274,0.11291781285152852,0.11335258259477109,-0.4862772747980672,True
ambient,1986,1990,1986_1990,48,-0.9640643092528599,-1.6075192560128475,-0.38576279349172565,-0.4434721336680199,-1.111672737790429,-0.7715357261707004,-0.1148719891638968,True
black metal,1986,1990,1986_1990,22,-1.1557166655466915,0.555210411426408,0.3671929522632427,0.09071020915936781,-0.9185364304328091,0.13033363464258302,0.6398108768137205,True
blues,1986,1990,1986_1990,54,0.20015708576124636,-0.9497896025242126,-0.22397704725082027,-0.11951931337829794,0.22503084689645775,0.13143461789785588,-0.1450999932525199,True
bossa nova,1986,1990,1986_1990,22,0.3694491097127788,-1.4014418434339517,-0.31448655563734074,-0.007155258228855896,0.21861320571774143,-0.16598782999093561,-0.29807062139546525,True
brazilian rock,1986,1990,1986_1990,35,0.27054773632803153,-0.3300985711893486,0.004488006550102061,0.12426408369247309,0.34738526111954615,0.144395911048956,-0.20879431970366713,True
classic rock,1986,1990,1986_1990,147,0.3382003629379224,-0.1345981285467083,-0.10677160867854406,0.26780010252853453,0.38673292674982784,-0.0115439867212996,0.0010011346535878799,True
country,1986,1990,1986_1990,24,0.31550709828977425,-0.7505926982837918,0.20963495279565503,0.5881930017161717,0.2834719012503905,0.08294849076912594,-0.45190968994255076,True
death metal,1986,1990,1986_1990,68,-1.4875140027943121,1.095348705720404,0.19507076797092002,0.0446558715649096,-1.3370939092976823,-0.1741376226316016,-0.45094017128684566,True
disco,1986,1990,1986_1990,27,0.9747983490153838,0.03835538088754501,-0.06677632215844252,-0.518230476811802,0.9803886263600643,-0.009286042197686238,0.05150376882874613,True
doom metal,1986,1990,1986_1990,25,-1.1519194877347099,-0.1183143009766729,0.16294633744321882,0.16117334567888889,-0.938095813352201,-0.592715758742641,0.6858816744104934,True
dream pop,1986,1990,1986_1990,52,-0.42739953401635333,-0.9366714154576742,-0.2828265494648899,0.2638568053077636,-0.36977765152796616,0.07506855491731669,-0.03618378294328689,True
easy listening,1986,1990,1986_1990,20,0.102270504472411,-1.2467310141371268,-0.02380812396652593,0.35494697110757184,-0.3704759741898075,-0.3119317791004427,-0.2717805418160627,True
electronic,1986,1990,1986_1990,23,0.7660641659715482,0.24937673485874653,-0.17020984272647077,-0.445422351315249,0.3643627501669426,-0.14970860636492428,0.15488543469899765,True
experimental,1986,1990,1986_1990,28,-0.6719168934887634,-0.28361752787158595,0.19447631144746147,-0.09103994456161908,-0.805371082495647,0.3177830675923016,-0.02249288398631271,True
folk,1986,1990,1986_1990,27,0.19320078437563762,-0.9884273244909193,0.13234459629190262,-0.1992615460649987,-0.025657860303768484,-0.05869886996417853,-0.12873089464643858,True
funk,1986,1990,1986_1990,52,1.0489616264743542,0.12844778224638426,0.13073228116275007,-0.1915940236912775,0.552543740614285,-0.07158602011884733,0.4422787585352376,True
glam rock,1986,1990,1986_1990,21,0.1772116737281189,0.1269771828804559,-0.04132477619110516,0.3703258302685784,0.188889210471375,-0.13828000463198745,-0.11897025782622496,True
gothic rock,1986,1990,1986_1990,21,-0.005669341377545133,0.16764505542221358,0.24163652897517476,-0.24482853617168493,-0.10125700922308797,0.17605600642582026,0.7418212938244105,True
grunge,1986,1990,1986_1990,54,-0.8997379886973188,0.20203221718599132,0.03802416123647598,0.15957850102515486,-0.5518851724762805,0.26232314055389033,0.011139321605928256,True
hard rock,1986,1990,1986_1990,269,-0.26304659284839593,0.4529154862984525,-0.01507734763611655,0.029589768560031073,-0.25145260730158586,0.10704698967887999,0.1602972116411858,True
hardcore,1986,1990,1986_1990,27,-0.8168126466572332,0.7230285269015728,0.1428246446313945,-0.1992615460649987,-0.038061618259350206,0.38967026487210876,-0.7822605397290581,True
hardcore punk,1986,1990,1986_1990,28,-0.8186889198454624,1.0012877967476965,0.3258512031318057,0.37032583026857846,-0.286753332537831,-0.053103030270524765,-1.20809759046625,True
indie rock,1986,1990,1986_1990,32,-0.5555204693125709,0.08956067269636508,-0.2148070049537649,0.27420796051228724,-0.10111964658464807,0.34025819352732334,-0.373526944740251,True
industrial,1986,1990,1986_1990,58,0.5142181614938118,0.21017052580478734,0.04254142345177419,0.009718098217389571,-0.1880420117357371,-0.013856637763628688,0.2171803320371578,True
jazz,1986,1990,1986_1990,52,0.08161244573071678,-1.6033140902229162,0.05999195487118006,-0.3986171277817508,-0.29346829594881413,-0.40531532051906444,0.22263741212162547,True
latin,1986,1990,1986_1990,38,0.6535735095404213,-0.3131852013825711,-0.25017716809954993,0.22463137505904235,0.37187321355074515,-0.1757021088053252,-0.1610800233347876,True
metal,1986,1990,1986_1990,56,-0.9366772097918264,0.633511102037826,0.032784137066730064,-0.4755114235867836,-0.5896822242061251,0.4320074999792243,0.3338608224374172,True
mpb,1986,1990,1986_1990,30,0.3334481263410161,-1.170754088239257,0.051648224077815365,-0.1833130995276586,0.15050940815420966,-0.12079672166103753,-0.17437957876351406,True
new wave,1986,1990,1986_1990,232,0.4978334402939978,0.15175817382696954,-0.06600838758184183,-0.0830853622369605,0.4619262069663203,0.05576300762658384,0.17090994543267576,True
pop,1986,1990,1986_1990,392,0.7863637347834083,-0.10276988927103319,-0.04300906967423778,0.08471844584988474,0.6201008593505815,-0.08641000698756915,-0.0032924771211018627,True
pop rock,1986,1990,1986_1990,28,0.6570407312444031,0.22212832964083654,-0.04806195012363564,0.06274864704844675,0.5669838460767301,-0.3679253124256009,-0.1626214246822017,True
post-hardcore,1986,1990,1986_1990,22,-0.5757678369073317,0.542208720987873,0.17426478964987002,-0.007155258228855896,-0.2154618135797593,-0.09891000340102792,-0.806284384076042,True
post-punk,1986,1990,1986_1990,149,-0.2940162512475199,0.3026622355496102,-0.032733749028817975,0.0132060135096336,0.0441167152041139,0.36337498409119784,0.1114835325677399,True
power metal,1986,1990,1986_1990,38,-0.6883150605750723,0.6083707066179519,0.21894289046559842,-0.5119350373891677,-0.7696063684600122,-0.047707912163833126,0.4238555550663421,True
progressive metal,1986,1990,1986_1990,33,-0.853157197695802,0.669563374473904,0.0027730895490943102,-0.49648259516997445,-0.7908996034478634,0.040964197882665414,0.5322750110004747,True
progressive rock,1986,1990,1986_1990,47,0.24755227351235368,-0.2150452970867365,-0.12675787542064051,0.26561870406598037,-0.051441060757262666,-0.1804655834456858,0.5511728573271426,True
psychedelic rock,1986,1990,1986_1990,20,-0.3667191819295812,-0.6928404276120516,-0.03795618922483991,0.35494697110757184,-0.4755808701190046,0.33707986079942953,0.81817050802869,True
punk,1986,1990,1986_1990,99,-0.5970614813115833,0.7779520700027704,-0.07153998049457518,0.2864411439358152,0.1525090614092149,0.6248403370983889,-0.9850395152683653,True
rap,1986,1990,1986_1990,46,1.5831609870009293,-0.27984536484484235,0.23577811685993091,-0.3518119042482524,0.5909361785173077,-0.3760549758623241,-0.15720020090895098,True
rock,1986,1990,1986_1990,188,-0.06665429488505899,-0.08282047645579081,0.130616503214646,0.09383357513984304,0.13705767602831484,0.1102630073565514,-0.09113963667375959,True
shoegaze,1986,1990,1986_1990,92,-0.8448865817300688,0.3000017641693876,-0.010275191980312537,0.18644816638697798,-0.4389223109990321,0.23036093963944243,-0.31714760738175973,True
singer-songwriter,1986,1990,1986_1990,54,0.34374760540746974,-0.9791121980238187,-0.06153629798869659,0.11970738468180447,0.14237915450564773,-0.004535713878591698,-0.08314818097558734,True
soft rock,1986,1990,1986_1990,56,0.5386019132498772,-0.6950878626735698,0.08836582201010648,0.1011957949509632,0.10409672955935069,-0.2439877769611047,0.2009750707490754,True
soul,1986,1990,1986_1990,120,0.6743743807418267,-0.6931468960295313,-0.10398049376363858,0.13964294285347967,0.19881201501745524,-0.3889364165650638,0.1915658972193581,True
soundtrack,1986,1990,1986_1990,56,-0.21602255568667308,-1.2554507703011342,0.052995658864321483,-0.12948709246413553,-0.6020993526297277,-0.6845578197854423,-0.3724819517873753,True
synthpop,1986,1990,1986_1990,44,0.5271976376065098,0.22756781237532567,-0.08940369925507263,-0.25181892669941514,0.2866043060602542,-0.011790027266099323,0.32811962564051583,True
thrash metal,1986,1990,1986_1990,209,-0.9706689642134475,0.9109581683803385,0.1580182075350597,-0.3316565448319135,-0.7664590590244266,-0.027032279345149304,0.31456050052911855,True
alternative rock,1987,1991,1987_1991,125,-0.08959770911531158,0.17118200881038687,0.0827586961615282,0.06072262093681963,0.14975343886220988,0.02405414990630619,-0.3400615173643689,True
ambient,1987,1991,1987_1991,64,-0.9203842068736942,-1.6134868274032053,-0.3795485976848802,-0.21273466310824862,-1.0918894826302952,-0.5103950492059399,0.20363044116314366,True
black metal,1987,1991,1987_1991,31,-1.1271099846121997,0.588709527166882,0.23726844061392593,0.03836392891652659,-0.9919306603491899,0.11969612135283646,0.6384509959460708,True
blues,1987,1991,1987_1991,52,0.24920317863546654,-1.0364976162362953,-0.16223372508975256,-0.12422030993295997,0.13844979965185533,0.04803476932507223,-0.20302403642513028,True
bossa nova,1987,1991,1987_1991,22,0.5926177216430045,-1.1381216668690612,-0.3759313206762545,0.0764753357692988,0.4397067972780447,-0.19721016030288074,-0.2457681589999462,True
brazilian rock,1987,1991,1987_1991,34,0.20246898012656703,-0.1853623270326722,-0.04380382121760346,0.1575554856423534,0.38790112423913625,0.2064005369225478,-0.25189050389477957,True
classic rock,1987,1991,1987_1991,143,0.31638150760793776,-0.12326568439198447,-0.1226600962774374,0.212796906434984,0.3930969851400054,-0.00821789186506764,0.015659961835208666,True
country,1987,1991,1987_1991,37,0.4801342116352145,-0.8330353834276286,0.2942534310479803,0.49158065905760145,0.3261320614802233,-0.16451804166706313,-0.5022321154192675,True
death metal,1987,1991,1987_1991,120,-1.3225206512597458,0.9141008192822949,0.025130918324554632,0.07155261238414905,-1.0314929017351324,-0.22047362018426728,-0.38716494713943655,True
disco,1987,1991,1987_1991,26,1.040518027281772,0.18123066817544095,-0.15135097716636592,-0.582412255781513,1.2408163111615886,0.0010396882379889935,0.21286881210111838,True
doom metal,1987,1991,1987_1991,32,-1.1277091985856438,-0.13343681336829918,0.33225113367912934,0.12570256962079623,-0.8724350206420474,-0.5044860279696008,0.7666636208766378,True
dream pop,1987,1991,1987_1991,45,-0.2695652583993614,-0.9002786157059847,-0.2004442622429769,0.3302690747370189,-0.30652042617211606,0.0006102252680341327,0.023002173874607238,True
easy listening,1987,1991,1987_1991,22,-0.14136381524633554,-1.444799350890874,0.009911560243818413,0.0764753357692988,-0.4687817551990035,-0.45299744766793676,-0.4039317984738592,True
electronic,1987,1991,1987_1991,27,0.8576804701789917,-0.0832825611532085,0.017533148015079134,-0.3756859233111221,0.39781075288907164,0.020697669071302733,0.2839463023627092,True
experimental,1987,1991,1987_1991,31,-0.5373993345367504,-0.33548138036215264,0.15512124661158783,0.1082348414799423,-0.6938669519687247,0.38469983694898785,0.16269385273813575,True
folk,1987,1991,1987_1991,38,0.035362677740777296,-1.2121903468186657,0.2536018008249171,-0.24479713778784234,-0.24473971810842993,0.016291962221871598,0.06793514921541381,True
funk,1987,1991,1987_1991,78,0.892254243003815,0.05545562395312386,0.06630398130136755,-0.11033570551330686,0.5163916131498939,-0.1070105953257703,0.23895428252583828,True
glam rock,1987,1991,1987_1991,22,0.2655443719278704,0.24282785173197483,-0.09297987466820103,0.17492980347229367,0.040775301134721824,-0.19480360941114094,-0.009326625414878132,True
grunge,1987,1991,1987_1991,128,-0.8169232472040785,0.3444843962918463,0.08687917659402047,0.04109326143853502,-0.5187343858498241,0.21585130982944992,-0.013904046012560761,True
hard rock,1987,1991,1987_1991,248,-0.2601784949667997,0.42710385184003213,-0.09246126864545898,0.04709779298695356,-0.24431217427499052,0.027816324201149493,0.21914122186564147,True
hardcore,1987,1991,1987_1991,25,-0.8268456883792895,0.6685768473509976,0.1868848282924919,-0.37247703695635775,0.18612926656533083,0.4742858263929828,-0.7072973953562637,True
hardcore punk,1987,1991,1987_1991,23,-0.810284298456394,1.0253608549316702,0.27496884365847724,0.4788544646424083,-0.13638884079494246,0.0008561408591411017,-1.1223697620584974,True
indie rock,1987,1991,1987_1991,35,-0.4953001621443498,0.18903292427243276,-0.30464225505864106,0.29588814950740167,-0.16386709971393543,0.26503888902133965,-0.3839322873439436,True
industrial,1987,1991,1987_1991,49,0.6551108845876884,0.37729942798136257,-0.03208494380190382,-0.04006260559342982,-0.12342770751417605,0.05640453998675612,0.2182824846583655,True
jazz,1987,1991,1987_1991,56,0.16961782504345457,-1.5825184529636966,-0.09343921143120112,-0.454475543628995,-0.11881230791446014,-0.33275567827692243,0.020370079366201218,True
latin,1987,1991,1987_1991,46,0.5253655487834604,-0.4532166369452771,-0.11255161500472649,0.10215910995268876,0.22317868348306433,-0.1209585917869439,-0.20716175548063234,True
metal,1987,1991,1987_1991,54,-0.7444956839345281,0.6549706720563785,0.05421203916427127,-0.3756859233111221,-0.5240948595971152,0.303105788108975,0.29304640893106004,True
mpb,1987,1991,1987_1991,32,0.3859047450424356,-1.0806551854971005,0.05814192035882757,-0.009672323470821712,0.4464709452317479,0.08908106812831665,-0.27938278582855214,True
new wave,1987,1991,1987_1991,180,0.5400403826816776,0.190083787742056,-0.0794039214506429,-0.10293058315615852,0.4967713968346539,0.09809590502825281,0.19514656246494827,True
pop,1987,1991,1987_1991,417,0.7995912129470812,-0.06729068541208613,-0.03863493812294374,0.07505872472321254,0.5530430771751995,-0.11551668337533781,-0.01251305860434092,True
pop rock,1987,1991,1987_1991,30,0.6510634755661665,0.24906009276551586,0.060499849075561336,0.08960259812969812,0.6019762987382743,-0.17787936529204154,-0.18410650260315975,True
post-hardcore,1987,1991,1987_1991,26,-0.49208055913204085,0.40796764039993916,0.0118902416844342,0.08404875636183687,-0.1272396005789394,0.0453561303356087,-0.7085370601467939,True
post-punk,1987,1991,1987_1991,123,-0.1515906254716566,0.3816952263930393,-0.06349269515073203,-0.0019680612623556495,0.14322088200796482,0.3745830619112996,0.0585713431921581,True
power metal,1987,1991,1987_1991,37,-0.6362858650348371,0.6448227862362932,0.23307474001921197,-0.5036077442105088,-0.7523896463630874,-0.01856014077709658,0.41437480829478107,True
progressive metal,1987,1991,1987_1991,31,-0.6455787584404643,0.5688978020738837,0.027336722607950743,-0.4507324590273834,-0.8522509697980474,-0.03348076475471395,0.7256588801267952,True
progressive rock,1987,1991,1987_1991,42,0.27252992020553907,-0.2131402539044124,0.10361625989583616,0.04834548785415741,-0.09135710149377652,-0.02751840398534347,0.5408526570596668,True
psychedelic rock,1987,1991,1987_1991,23,-0.5253520280250225,-0.4172908843059572,0.053528581565218,0.3846806259699784,-0.28778392986459506,0.34501763696309956,0.7687996301242592,True
punk,1987,1991,1987_1991,97,-0.6918589699085437,0.8290274724993807,0.00381232570006471,0.26526431507607245,0.33657165137920303,0.8729626738851476,-0.9734176926070018,True
rap,1987,1991,1987_1991,50,1.5658742457518644,-0.2519410706180323,0.1642487126118476,-0.37247703695635775,0.5876441856371464,-0.42822379903713353,-0.08470821735205847,True
rock,1987,1991,1987_1991,200,0.01865264224702065,0.0030822324744675016,0.07087473542918996,0.04989262948949018,0.21573740881860193,0.0639827572081672,-0.058656330603362276,True
shoegaze,1987,1991,1987_1991,123,-0.9591131100681501,0.18847156481262195,0.060729890901584156,0.17412936064544005,-0.5742336240516701,0.2242451041764394,-0.13491246236275076,True
singer-songwriter,1987,1991,1987_1991,61,0.42454739323403473,-0.9916556725862287,-0.19755805441484373,0.17008778047050704,0.09201530983854068,0.016866667327698894,0.008601038320884267,True
soft rock,1987,1991,1987_1991,47,0.5083664889202395,-0.6174457121770429,-0.01635859335073972,0.06809623213500136,0.0003046163373976782,-0.08196785053538115,0.1819956825316763,True
soul,1987,1991,1987_1991,132,0.7105820101176848,-0.5407938106386092,-0.06082630125819494,0.10929349167029709,0.2890012889969185,-0.29428164770977094,0.19306949926421565,True
soundtrack,1987,1991,1987_1991,61,-0.3349911074009122,-1.4131975592608472,0.001899522279357886,-0.36253474972602256,-0.6423570621901274,-0.5257001735613802,-0.4318949519980002,True
synthpop,1987,1991,1987_1991,38,0.5674723739893659,0.18132063991868508,-0.0219035544987139,-0.18779718280189794,0.3926722927537766,-0.062479948423890985,0.4703731346509949,True
thrash metal,1987,1991,1987_1991,193,-0.7595770818448798,0.8843111899270116,0.22875577802301006,-0.2979577175674796,-0.6086057682964557,-0.07400520699502036,0.24964793133386043,True
alternative rock,1988,1992,1988_1992,140,-0.12060002568524002,0.1807843803697707,0.05304524252360294,0.179328681488297,0.0992222860972697,0.07664705341655893,-0.3397529293851805,True
ambient,1988,1992,1988_1992,67,-0.5344527551153673,-1.3198542444633894,-0.21028612035535232,-0.19724519282099184,-0.9342055273584565,-0.2569813116317576,0.493478718093273,True
black metal,1988,1992,1988_1992,31,-1.401361792578723,0.7356454528413708,0.09565960260528342,0.04600269980406343,-1.3373953482853116,0.34727322979587033,1.0751793475730504,True
blues,1988,1992,1988_1992,68,0.3830736614149632,-1.017416202452619,-0.1542575986919981,-0.15269866447072716,0.2998521401034293,-0.13538322211845863,-0.1830331667966203,True
bossa nova,1988,1992,1988_1992,21,0.6464293892631098,-1.0710888552848734,-0.429500362955663,0.15876596789520625,0.3597676352555573,-0.2432270743755433,-0.24529278622714495,True
brazilian rock,1988,1992,1988_1992,28,0.1837647907739187,-0.20485029117692236,0.04691983991526248,0.2872829278520235,0.33850314767281936,0.12225747911884963,-0.31938413112762143,True
classic rock,1988,1992,1988_1992,108,0.2993743406481731,-0.06656480499915866,-0.10319033511629104,0.19303715721702416,0.48482571110021905,-0.03106103634123565,0.06425752227728283,True
country,1988,1992,1988_1992,37,0.5251900642757217,-0.6570085892650827,0.1694278920820719,0.4977728676731889,0.4468236212652085,-0.00519041499218153,-0.5412209049622664,True
death metal,1988,1992,1988_1992,134,-1.3026596562886148,0.878366729568016,0.026501831220794227,0.012218270272805754,-0.9578888008130415,-0.09305558095914729,-0.3146138560136939,True
disco,1988,1992,1988_1992,26,1.0725134161012873,0.25398438409748386,-0.3033275399975388,-0.48975038388688663,1.1773684400743822,-0.10181978390791017,-0.008547439475121599,True
doom metal,1988,1992,1988_1992,35,-1.045170713007909,0.2865608771066717,0.3246047581600305,-0.12911202240806424,-0.91904763725925,-0.18290822663694453,1.1203923579627966,True
dream pop,1988,1992,1988_1992,47,-0.26028598803618624,-0.8831367624348835,-0.11642422964048345,0.39720594466615217,-0.30129306504761555,0.003346573233839833,0.0008965408554898917,True
easy listening,1988,1992,1988_1992,20,-0.26376905184480615,-1.4386790321133534,0.1265500738236886,0.1330625759038428,-0.4492879721843909,-0.5272616898736521,-0.42951712217569843,True
electronic,1988,1992,1988_1992,40,0.8295693765866549,0.04689011685528055,0.1194037707806247,-0.19080016318733653,0.26098329206113857,0.13189882263858327,0.31015002101651545,True
experimental,1988,1992,1988_1992,32,-0.3249510059417946,-0.32927033815073625,-0.03602832040601475,0.26800538385850087,-0.5003054372986663,0.21611534112598593,0.014595912140516087,True
folk,1988,1992,1988_1992,39,0.09086985740224328,-1.1810026633000927,0.3306778068999236,-0.21294462397989578,-0.22344103867330586,-0.09795170223514965,0.08162891417874421,True
funk,1988,1992,1988_1992,65,0.8279661009445627,0.023119251147827587,-0.05045835539681681,-0.05793339843198088,0.5518585436381805,-0.11980877565403318,0.3554340405706525,True
glam rock,1988,1992,1988_1992,20,0.33969965275086955,0.17646032766268388,-0.030668593123716836,0.13306257590384282,-0.0310503884818742,-0.3148729184542953,-0.0049643672553077705,True
grunge,1988,1992,1988_1992,200,-0.7349494658447601,0.36984601646688264,0.07223817069640308,0.1006763019947249,-0.36345613848372843,0.22954811567314848,-0.09644666238646543,True
hard rock,1988,1992,1988_1992,241,-0.18885579811045636,0.4183399960747881,-0.025093883695932555,0.03675484574533168,-0.17200516847286432,-0.022614976341882684,0.23431003863125757,True
hardcore,1988,1992,1988_1992,21,-0.7459682317618972,0.6535817488891723,0.19665190367469623,-0.35530187193206253,0.19795817505566016,0.3860678276766701,-0.561910346625921,True
indie rock,1988,1992,1988_1992,42,-0.17662588879934957,0.1802112672632832,-0.19129026152020026,0.21017275187793313,-0.016071107515388094,0.0986035088414689,-0.46570106984958737,True
industrial,1988,1992,1988_1992,58,0.4757023877503713,0.4076887162516688,0.006787891791652485,-0.10890383835968197,-0.2630492705857309,0.10407368763941974,0.0653872240973508,True
jazz,1988,1992,1988_1992,64,0.33932006927931463,-1.4830644763763972,-0.06282695681750429,-0.4067086559147894,-0.026423008941164373,-0.35302438641834,0.0705249294551773,True
latin,1988,1992,1988_1992,56,0.6519834677646493,-0.3827105172890972,-0.0194386883417593,0.13306257590384282,0.37256647560076656,-0.1818841931706743,-0.11614029558052956,True
metal,1988,1992,1988_1992,67,-0.7551859517301858,0.7181596347017484,0.0329015055877171,-0.4550463781672042,-0.4797539708458853,0.2893441918603446,0.3123097906346349,True
mpb,1988,1992,1988_1992,36,0.4316278680438064,-1.1468200719502732,0.09796486165143306,0.07308799459066145,0.4382881092969669,-0.044409739542703205,-0.25930492792287546,True
new wave,1988,1992,1988_1992,147,0.5843438997412513,0.08250051468711977,-0.011417327783218209,-0.061548820602194645,0.5261179495746852,0.14190668043336502,0.2573730050060674,True
pop,1988,1992,1988_1992,420,0.7724576746933094,-0.12531894746269193,-0.06674040848394404,0.09193714871766133,0.5039655958003415,-0.07599208190012821,-0.049386203142351565,True
pop rock,1988,1992,1988_1992,23,0.7909868921814917,0.34275294910170173,-0.004569051575135681,0.01572100376935755,0.8348310227570057,-0.1357924084438088,-0.1655734984035398,True
post-hardcore,1988,1992,1988_1992,26,-0.4589864422786174,0.4054646371986105,0.015507518846849807,0.17458343988989147,-0.028277315281481027,0.0040455021970927565,-0.6344881514292152,True
post-punk,1988,1992,1988_1992,82,-0.08022908109331081,0.20770198115047867,-0.032760194014369665,-0.03808440003865032,0.06538535932093938,0.311442920133082,0.2520534137308262,True
power metal,1988,1992,1988_1992,28,-0.45827353825611666,0.6481076619086023,0.14900988338760365,-0.6380391838370604,-0.6410615319442349,-0.21904180119403455,0.4468333824661022,True
progressive metal,1988,1992,1988_1992,33,-0.516013248380244,0.47417017085404534,0.15210352106858369,-0.37399524792578137,-0.7662215504672939,-0.0004645933254265995,0.807252538074863,True
progressive rock,1988,1992,1988_1992,41,0.20054485706793346,-0.6187804312516278,-0.10248022370279779,-0.11707531201210868,-0.239668328986088,-0.10222132098416388,0.6100633106147864,True
psychedelic rock,1988,1992,1988_1992,20,-0.41118546916140764,-0.2841626714119299,-0.01637598703758907,0.34897106863129573,0.097508390548609,0.14751912801994702,0.564397484429987,True
punk,1988,1992,1988_1992,133,-0.6207653609255732,0.8916155942886802,-0.03045366671640663,0.1858221699913783,0.36439884013069046,0.8265589087618416,-0.9331820159017923,True
rap,1988,1992,1988_1992,59,1.599972926253525,-0.17464882145980212,0.15004808721952576,-0.3518166662383183,0.6571278794061347,-0.40001454099739014,-0.21882481714800078,True
rock,1988,1992,1988_1992,211,0.008954067714526592,0.06858803504641026,0.006857965036068867,0.0691086384845736,0.16651153990248013,0.042195738933505346,-0.053368737063177275,True
shoegaze,1988,1992,1988_1992,158,-0.8995054091570586,0.2042040971052328,0.0011731622074032512,0.08523474523636908,-0.47909382879629564,0.2042842182675424,-0.04623937456200872,True
singer-songwriter,1988,1992,1988_1992,75,0.407849839183251,-0.9814920460353088,-0.12023559126345082,0.24101682226756926,0.048670396970889734,-0.10890460875245123,0.09770533210266084,True
soft rock,1988,1992,1988_1992,39,0.541485872305482,-0.6089660662254828,0.1327801841689238,0.11922228790849328,-0.09756935763467328,-0.0947089455441288,0.23579686167649613,True
soul,1988,1992,1988_1992,137,0.7272747795051882,-0.44521465351500555,-0.08929957575440152,-0.004835184049822349,0.4170501421418732,-0.2395237783643272,0.06216766696574506,True
soundtrack,1988,1992,1988_1992,79,-0.588412948349908,-1.5888638531097614,-0.08385879805183788,-0.20173223876847338,-0.9491023716505671,-0.6646907327546854,-0.2572439201543715,True
synthpop,1988,1992,1988_1992,35,0.5911120819625695,0.1623800239335306,0.06325424687083707,-0.25248830396660876,0.3547283947086065,-0.01817297077603321,0.4228382815200577,True
thrash metal,1988,1992,1988_1992,195,-0.6313615788624011,0.8827479009966983,0.21047332494479776,-0.29045023675385323,-0.4782437266684241,-0.11013982212209544,0.20808852143722764,True
alternative rock,1989,1993,1989_1993,175,-0.06829912961430061,0.07751818612824167,0.06182921244846969,0.1952894715031191,0.10913846230696403,0.03627228863750445,-0.300965449298538,True
ambient,1989,1993,1989_1993,88,-0.2192940217547979,-0.9046790469127347,-0.10316218558479505,-0.08368593604923082,-0.785047319788556,-0.11829185347905126,0.9609506468185608,True
black metal,1989,1993,1989_1993,81,-1.439307228620468,0.6297922850249763,-0.169066931721106,-0.04285912862185063,-1.159058825746147,0.19865833308275108,0.6186740392492279,True
blues,1989,1993,1989_1993,75,0.43043309707171584,-0.9653763951697392,-0.22282981075901925,-0.10034327347960194,0.38926342980629597,-0.15108846384539784,-0.2742958148082895,True
bossa nova,1989,1993,1989_1993,20,0.6365100716659526,-1.0124548519808165,-0.47333519399276075,0.0289960524503385,0.3087496490362847,-0.3832578209204332,-0.19877371187237936,True
brazilian rock,1989,1993,1989_1993,28,0.22153715992128772,-0.2993698100570281,-0.07532962856163972,0.21376651806453914,0.41508774624257994,-0.013444879857892805,-0.35643937980568946,True
classic rock,1989,1993,1989_1993,87,0.2657502520436103,-0.12473245294673428,0.018511943010684734,0.08102911460606167,0.42842901266709094,-0.10474600995434159,0.15504352169624155,True
country,1989,1993,1989_1993,46,0.6114217979218689,-0.6353093935455786,0.10126592889832257,0.535106458263149,0.4809666812757817,0.05361349947942612,-0.526375264078537,True
death metal,1989,1993,1989_1993,156,-1.2258886483435552,0.9285246875969523,0.01939621935819319,0.026232391639869703,-0.8816108126011858,-0.07747825102520586,-0.3519469737098867,True
disco,1989,1993,1989_1993,28,1.1659159863347728,0.2714122321073494,0.036928351431753374,-0.47912272798871325,1.2104435596191556,-0.2102950268874403,0.28046402120164404,True
doom metal,1989,1993,1989_1993,65,-1.0102115412821049,0.31052540998428135,0.16959687324212708,0.14506980649002865,-0.6798215888538733,-0.17326730622759187,1.0115996111284302,True
dream pop,1989,1993,1989_1993,61,-0.26490344934244736,-0.9662267922993667,-0.06930684573039955,0.35764515932149865,-0.33515763916920305,0.21578272312080013,0.08325648227383879,True
electronic,1989,1993,1989_1993,60,0.8052259036071319,0.02994530846343651,0.12197227566917243,-0.11471430969403977,0.15336043125301652,0.07450187883555764,0.5034078514527203,True
experimental,1989,1993,1989_1993,30,-0.2137143505671669,-0.6160046893612179,-0.19235006831232832,0.316416776739095,-0.4893223531950794,0.15420222247575605,-0.016794800749079818,True
folk,1989,1993,1989_1993,34,-0.04814741753594662,-1.3455726653299453,0.31247066596099105,-0.0851268821937266,-0.3725283627833671,-0.10528689904261573,0.13719920217910758,True
funk,1989,1993,1989_1993,81,0.9150778360016072,0.1345330176948367,-0.020901517049691534,-0.12269821870206078,0.7533768155926795,-0.07945847052308873,-0.052508428905517913,True
glam rock,1989,1993,1989_1993,29,0.38185139045027705,0.24354027528386007,0.0020896679855279435,0.15536206054280904,0.2729333247636673,-0.1663464128558244,-0.14964813197848773,True
grunge,1989,1993,1989_1993,256,-0.6087779478277161,0.309082116274479,0.024490677512030865,0.11993776599482789,-0.3211284959044158,0.20006772226843797,-0.10760913632628501,True
hard rock,1989,1993,1989_1993,203,-0.19298018579626453,0.4787809689683897,-0.03028567420692398,-0.014541815884042105,-0.15330130909926318,-0.051089722111417615,0.28681208983267054,True
hardcore,1989,1993,1989_1993,21,-0.5365369849253906,0.46034075502430705,0.2376320126320623,-0.35080990464551837,0.17088147443665835,0.5520804561753009,-0.7415152293613391,True
indie rock,1989,1993,1989_1993,53,-0.24118700822688413,-0.031531763410067026,0.024027348585171342,0.2689652420687815,0.00866074163693226,0.0390800796699008,-0.4340972341881106,True
industrial,1989,1993,1989_1993,44,0.3377753153284877,0.4299178174233916,0.013734553912457299,-0.1571741894185152,-0.4739113687659191,-0.08665691274565482,0.14319479188754725,True
jazz,1989,1993,1989_1993,69,0.3924010076224313,-1.4354960427763526,-0.09958563477892098,-0.38651434244536387,0.01637746573018294,-0.2818055870133232,-0.1762458601165142,True
latin,1989,1993,1989_1993,54,0.7042343212489546,-0.2938297252192606,-0.010318273144590506,0.07689950649846458,0.3943662948576908,0.0008703704549524758,-0.06546457328175401,True
metal,1989,1993,1989_1993,60,-0.7226307057770476,0.7357358348662911,0.06482275858162684,-0.4739902150549854,-0.44726553499563393,0.2271067169347899,0.30735017368187273,True
mpb,1989,1993,1989_1993,40,0.47217826708648347,-1.0678759470425834,-0.05900119510805527,0.13677882405862224,0.42223480522407764,-0.026948297958316724,-0.2934612168532353,True
new wave,1989,1993,1989_1993,155,0.524255153060916,0.2179613339791912,0.04608017502065759,-0.11703221876088458,0.515842940798627,0.11951591551379792,0.2538853966651858,True
pop,1989,1993,1989_1993,445,0.7488573190363186,-0.146194542296209,-0.026894724834153245,0.060483154268488805,0.4414116932676466,-0.09536736806521973,-0.026491447793729285,True
post-hardcore,1989,1993,1989_1993,39,-0.3477271448661779,0.41244163044926996,0.12563570625170742,0.1782337362156544,-0.08685395369002516,0.09063395380442274,-0.6198342560418407,True
post-punk,1989,1993,1989_1993,55,0.12855023151680867,0.23749670545729473,0.16959687324212705,-0.06898828537537396,0.2732563418631318,0.2907965984354949,0.24440938679085103,True
progressive metal,1989,1993,1989_1993,35,-0.5767250011614576,0.4091478336798985,0.06346205579382815,-0.37133995638042955,-0.7125958628934298,-0.017186281433870552,0.8019600516523323,True
progressive rock,1989,1993,1989_1993,48,0.1626659353497525,-0.23420826259113406,-0.1101976374989815,-0.08776861679196885,-0.053306253356577266,0.005935666854948088,0.4783169362760457,True
psychedelic rock,1989,1993,1989_1993,27,-0.4572509161481979,-0.17378750528030656,-0.0738177365751967,0.11681905153856967,0.10932897213038224,0.13707841608917212,0.977022870178197,True
punk,1989,1993,1989_1993,143,-0.5804791429787853,0.887742492990968,0.0097380841860555,0.10286116865741406,0.39384137317438905,0.8572278883706992,-0.9902252319756257,True
rap,1989,1993,1989_1993,67,1.6856350257773418,-0.17665506884621496,0.13547775856299538,-0.25735220644928086,0.7747764306242828,-0.4823939198081528,-0.29950559495393375,True
rock,1989,1993,1989_1993,247,0.011267992358568226,0.07897880123626971,-0.014345904428313166,0.09096023693769188,0.18230452466869385,0.023586647168049212,-0.0317496687933099,True
shoegaze,1989,1993,1989_1993,191,-0.7952221774095121,0.06948047401638648,0.01999080756792398,0.04366805277397922,-0.41189910551136694,0.13229168559239565,-0.022052022075079086,True
singer-songwriter,1989,1993,1989_1993,85,0.3535652171979872,-0.7588621578269896,-0.18674717448021597,0.1431189870944036,0.10261082548246273,-0.11740685241581433,0.09429656710572606,True
soft rock,1989,1993,1989_1993,43,0.4676482843462685,-0.6978487472200932,-0.06298837071881426,0.023982900282511356,-0.21820893475127792,-0.1168052461461432,0.18603250002007657,True
soul,1989,1993,1989_1993,149,0.802656501205666,-0.43079362751606387,-0.14491724764235198,0.053590778857597866,0.4103394872746768,-0.1960530488766481,0.04872606181594271,True
soundtrack,1989,1993,1989_1993,95,-0.6156672388585865,-1.5380920693954623,0.010179799261078856,-0.25464282020303963,-0.9088675962290179,-0.5678633277311633,-0.2954644294727496,True
synthpop,1989,1993,1989_1993,37,0.6311519545831912,0.28272657237936405,-0.054367450479335354,-0.13996072466534948,0.5229221378663724,-0.03735540400048605,0.25948729198882764,True
thrash metal,1989,1993,1989_1993,170,-0.5880424230565613,0.9268691349227157,0.15783079619469123,-0.2626514471956056,-0.5053841652260451,-0.06638147197073972,0.16067498113705933,True
alternative rock,1990,1994,1990_1994,222,-0.07272269876779164,0.058702019574980814,0.04599528948031176,0.2095308800619497,0.09515290640494731,0.001267235124431789,-0.23362678242253815,True
ambient,1990,1994,1990_1994,123,-0.2175957830450241,-0.8220971867067884,-0.040190147848286596,-0.20674719088130453,-0.7504471316069068,-0.072830972570876,1.0075484374838766,True
black metal,1990,1994,1990_1994,137,-1.4837577775620112,0.7683800694715385,-0.06177166766970345,-0.16279615946681233,-1.2389360286515017,0.28146151528995417,0.6889296204401848,True
blues,1990,1994,1990_1994,71,0.42511556069938944,-0.923938661159633,-0.19276141919470033,-0.10276653272652861,0.35206625636120203,-0.07618154197153594,-0.18078838986830614,True
bossa nova,1990,1994,1990_1994,22,0.5804117581215001,-0.9073162391344376,-0.25138073467215166,0.0978873098635709,0.39440843216368465,-0.42511438752159203,-0.31940180490633785,True
brazilian rock,1990,1994,1990_1994,22,0.3448350569434018,-0.1935409620701245,-0.05567675039790199,0.1954655483834138,0.48724886575718807,0.038141067495117385,-0.3443151782332082,True
classic rock,1990,1994,1990_1994,63,0.2502394887538153,-0.13035016243004355,-0.06230376362200358,0.20630757488561857,0.3645484189550302,-0.027150972134022837,0.17899118397321487,True
country,1990,1994,1990_1994,50,0.6532993380948375,-0.7352347968607467,0.08731762744514972,0.5116190411877048,0.5457561894518261,-0.023449646177592057,-0.541273039077737,True
death metal,1990,1994,1990_1994,167,-1.1725161114485567,0.9161901685302024,0.017604821358284096,0.05348044682460047,-0.7899254407816215,-0.1144590084507183,-0.2697696351779437,True
disco,1990,1994,1990_1994,33,1.2504800827132523,0.1692997671866142,0.14437621130466427,-0.5526342802687151,1.1867186722523122,-0.19184469523838726,0.3191107381720408,True
doom metal,1990,1994,1990_1994,68,-0.9579964835915525,0.3314525236106531,0.17072589807622993,0.14667642912349232,-0.652080751296583,-0.11934773608867252,0.9277074679383499,True
dream pop,1990,1994,1990_1994,54,-0.10105144370915055,-0.765601194787692,-0.06534114468305015,0.3653239635846218,-0.1363826958207985,0.21196549663623998,-0.15376249587723562,True
electronic,1990,1994,1990_1994,97,0.8528749691244868,-0.03933624160937524,0.30049105053557773,-0.13549569360656882,0.06843172227910793,0.09336802236648094,0.5742563609922773,True
experimental,1990,1994,1990_1994,36,-0.048824923030865476,-0.6315448512922782,-0.187595732390174,0.26593872064774476,-0.45068164449859577,0.10577209673237628,0.0787502854512485,True
folk,1990,1994,1990_1994,33,0.1293232482946682,-1.3069103097115116,0.3357312181505972,0.0978873098635709,-0.20984086997381543,-0.16280897731908017,0.20277220728575454,True
funk,1990,1994,1990_1994,75,1.0040798995896842,0.10427601321866801,-0.004532775840898106,-0.060839958128706885,0.8623725258419364,-0.10388605667625006,0.005799616503585387,True
glam rock,1990,1994,1990_1994,22,0.46571984156476043,0.17555667911543207,-0.042629818112952016,0.19546554838341382,0.30414837231940095,-0.00547400619189002,-0.18539043927595067,True
grunge,1990,1994,1990_1994,318,-0.5110077807256111,0.30643874468014637,-0.036557660948887266,0.17705455998344344,-0.25524406559289475,0.1583991682626444,-0.11945115382395671,True
hard rock,1990,1994,1990_1994,159,-0.12490683888033109,0.4824745552928502,-0.039265514819348576,0.008287166317048483,-0.0343727872845606,-0.12131193685726675,0.30071451399552035,True
hardcore,1990,1994,1990_1994,26,-0.5248722790729995,0.5903038611781037,0.4110019813330009,-0.39000388273564357,0.05954443945013163,0.4054403328652453,-0.6644330775547396,True
indie rock,1990,1994,1990_1994,88,-0.3215175468095791,-0.07190569173468377,0.03891350866798531,0.17107098875345308,0.04995946578024924,0.024278149541162544,-0.4671986989408449,True
industrial,1990,1994,1990_1994,57,0.16703672834011501,0.39991767301547937,-0.057507898788772174,0.043106544378746815,-0.41717120314472317,0.08732977491248392,0.20677837296684207,True
jazz,1990,1994,1990_1994,65,0.4730979293020539,-1.275268476693972,-0.015130899296980554,-0.37349064237074714,0.18449135695384278,-0.27080886742188065,-0.2558622230065984,True
latin,1990,1994,1990_1994,64,0.7249223344093795,-0.16439781549301916,-0.05404588386228327,0.07959139014110035,0.4713098661791201,0.2255100226959872,-0.16013651441834137,True
metal,1990,1994,1990_1994,65,-0.6351243856018741,0.7256865990413943,0.029027948436696295,-0.30743768091116114,-0.3274395682391004,0.07915035585685135,0.30258646270824013,True
mpb,1990,1994,1990_1994,63,0.6023089532020475,-0.9213263931662592,-0.06685983521357339,0.1381576940146172,0.5437589947578225,0.009334107940346515,-0.3502123891959645,True
new wave,1990,1994,1990_1994,112,0.5258614374265868,0.19977331329789724,0.13560059613681102,-0.14083088080104478,0.5009047111283954,0.1068431325843858,0.188121659273836,True
pop,1990,1994,1990_1994,428,0.7405489083636482,-0.09867140646393492,-0.05890799998249242,0.006236721347269856,0.4464566783265333,-0.14544282472635542,-0.08805336179537937,True
post-hardcore,1990,1994,1990_1994,39,-0.6249236203590253,0.4617641209244668,0.26012591824293846,0.1329153954860786,-0.42561250234315334,0.3510781400776249,-0.26675438930246004,True
post-punk,1990,1994,1990_1994,42,0.11044974562154428,0.107168975519822,-0.02585519088944492,0.01889540249036474,0.25092248287977076,0.3130238927319481,0.010236549210070441,True
power metal,1990,1994,1990_1994,22,-0.4141628530562761,0.3486625703922375,0.2052618953010975,-0.4875821212554865,-0.5957127882389895,-0.13198985196641533,0.3772499126427519,True
progressive metal,1990,1994,1990_1994,40,-0.46032449160994454,0.4355674673266363,0.1432889669475851,-0.33633585154973,-0.6459293357297989,-0.052822089869359476,0.7393423913049559,True
progressive rock,1990,1994,1990_1994,55,0.10286731592261675,-0.3761441237034992,-0.07655184205382196,-0.13630046258405207,-0.176706043226985,0.024258778046627703,0.3987968380970494,True
psychedelic rock,1990,1994,1990_1994,45,-0.33962824541633096,-0.43049342548724273,-0.22905598387345943,0.01548790844681466,-0.260508099181098,-0.23758964254230944,0.7686536659778075,True
punk,1990,1994,1990_1994,180,-0.5656404059168515,0.8889627422241713,-0.044079477255724246,0.13475019997106713,0.49526098516115824,0.7205430116010186,-0.9632323336753266,True
rap,1990,1994,1990_1994,87,1.5604879397889138,-0.03179688430809253,0.10988432135594593,-0.32831649056792683,0.6792727962370337,-0.4389175934886531,-0.30690398363119403,True
reggae,1990,1994,1990_1994,26,1.4137621948539243,-0.4103207465151604,-0.06370563180402508,-0.2248714790866787,1.055216590315432,0.3230234933518186,-0.33079222015121545,True
rock,1990,1994,1990_1994,275,0.034723968316222695,0.0165079030885512,-0.07446433288822997,0.0978873098635709,0.16105710407705076,-0.03603908823051332,0.007103567317182166,True
samba,1990,1994,1990_1994,26,0.7463806222532836,-0.1493214402654979,-0.16306303920479798,-0.14230527726219624,1.0236620725496832,-0.26143046227902933,-0.4386446338736284,True
shoegaze,1990,1994,1990_1994,215,-0.6776094191997097,0.1003729985682587,0.08571558552736983,-0.0654995081231428,-0.325264382788708,0.12240799832418736,-0.019185329685904307,True
singer-songwriter,1990,1994,1990_1994,112,0.2847598132394106,-0.9336010384004896,-0.07454820602434752,0.031673505153677506,-0.14474355702918246,-0.04318379397833684,0.12283292203488407,True
soft rock,1990,1994,1990_1994,23,0.27758589486430674,-0.851105261913724,-0.15778317697577138,0.21667820893120576,-0.41436046343713917,-0.0032950807006918294,-0.12433372049484506,True
soul,1990,1994,1990_1994,157,0.8338018301147696,-0.4172067866583565,-0.054845735602682265,-0.055005981065609694,0.43341494316734497,-0.1604051375984246,0.06056506880468549,True
soundtrack,1990,1994,1990_1994,111,-0.5831016158620755,-1.5033895394009953,-0.040631639294536274,-0.20627548768476825,-0.8362491277021564,-0.6116155910775996,-0.21046867772175734,True
synthpop,1990,1994,1990_1994,36,0.6616071394131686,0.3835288110314774,-0.1317838553934435,-0.03221700816288631,0.6556506548472506,-0.04631130322431558,0.16421973473277474,True
thrash metal,1990,1994,1990_1994,147,-0.3979316407573895,0.8911725638470315,0.09520613997226778,-0.11983828356845953,-0.3256378771998915,-0.041504222545742785,0.15797641894312503,True
alternative rock,1991,1995,1991_1995,279,-0.09088865976909642,0.040757768299848125,0.013039008909754029,0.22297955061231764,0.021082495016292835,0.02378332718851893,-0.15190709991723403,True
ambient,1991,1995,1991_1995,143,-0.018991212957296638,-0.6701092865523054,-0.05830849687590056,-0.10207674315998118,-0.701136493905904,-0.07166081057537549,1.0950541303378571,True
black metal,1991,1995,1991_1995,155,-1.4422501715465184,0.7652113864695194,-0.07070988179406615,-0.26147440067338945,-1.208165081718665,0.22845737013925485,0.6059552438497299,True
blues,1991,1995,1991_1995,74,0.4710035605043513,-0.9330309935254717,-0.05779811259204693,-0.03194714587120211,0.33331709229664686,-0.14059670031480553,-0.1978038854988158,True
bossa nova,1991,1995,1991_1995,20,0.3738348760063249,-0.8675638294253964,-0.10005255882898126,0.2628396858446859,0.154866841100963,-0.3725287029867153,-0.30021530547957587,True
brazilian rock,1991,1995,1991_1995,25,0.31654019351346485,-0.06687140026397426,-0.191014857637218,0.2628396858446859,0.688206647780865,-0.1860545590478777,-0.5671745914808164,True
classic rock,1991,1995,1991_1995,66,0.20170041470566025,-0.2901192336428382,-0.10005255882898126,0.17210909830527416,0.22258026758856364,-0.2077150792829214,0.08632650642132275,True
country,1991,1995,1991_1995,69,0.6259921589619423,-0.6485491847755831,0.13888826231584367,0.4736051500666736,0.42287451538005294,-0.04521034607694973,-0.5079614058500006,True
death metal,1991,1995,1991_1995,171,-1.1317259498979104,0.8952368501803672,-0.036884295767705716,0.015206578500276367,-0.684298466854902,-0.16457202183890166,-0.20834699623075145,True
disco,1991,1995,1991_1995,37,1.2208372950003072,0.19737636483056303,-0.023226292943646108,-0.2920531738558092,1.1602125737927065,-0.2012266373923521,0.4166206305112562,True
doom metal,1991,1995,1991_1995,92,-0.8634440319532551,0.4151559285547792,0.1316788409881981,-0.09980089230196917,-0.6240718140223478,-0.0693007483589839,0.8515683504467104,True
dream pop,1991,1995,1991_1995,36,-0.22561686080198673,-0.8224731324061497,0.010491901528250993,0.3341280046256523,-0.33502141013469255,0.20728261520686178,-0.09591043859410105,True
electronic,1991,1995,1991_1995,125,0.7743247066314176,0.006811297191755797,0.18420462494675874,-0.04512585128908887,0.04124611230156602,0.11167358547558322,0.4731243167043235,True
experimental,1991,1995,1991_1995,56,0.07091285277140903,-0.5471414997579588,-0.2574092141334087,0.19409737844875405,-0.4068603396883556,0.040006822479383586,0.23326543868697394,True
folk,1991,1995,1991_1995,38,0.24631361406118377,-1.2147132481793075,0.17672417274213403,0.12776708183864435,-0.2926043099312805,-0.20560888754685777,0.17167553268674324,True
funk,1991,1995,1991_1995,90,0.9269489262258598,0.20112830292384157,-0.011616990543195479,0.0014491836478091689,0.8327599401429518,-0.1633565646729243,0.05295835122346924,True
glam rock,1991,1995,1991_1995,24,0.4677651006701005,0.18833342226634386,-0.07636446018100292,0.24501760614944434,0.34420490337390824,0.07104297223633545,-0.17435077881416985,True
grunge,1991,1995,1991_1995,341,-0.508717136254973,0.32367367066602803,0.03499044343398028,0.14493173337411394,-0.2183713067089778,0.11399327414961935,-0.10795453456974335,True
hard rock,1991,1995,1991_1995,141,-0.23987150482554442,0.5248991885745121,0.028971978487666684,0.008021865521231603,-0.09811781044121509,-0.1318722634890853,0.3216061456082244,True
hardcore,1991,1995,1991_1995,28,-0.36155181796796826,0.48860911014312985,0.4786138510002038,-0.22599450008194075,0.05298289407467281,0.3918864777767491,-0.6085069224097625,True
indie rock,1991,1995,1991_1995,119,-0.35351963680078075,-0.05470212175913976,-0.01644750477729302,0.20532978161802395,0.04185059050235263,-0.02753174461779175,-0.6021820126845666,True
industrial,1991,1995,1991_1995,83,0.1928574880486876,0.46899107925396694,0.16708069821328045,-0.10820312997913913,-0.2950472349941756,0.07719925249802051,0.18156709631009663,True
jazz,1991,1995,1991_1995,70,0.3681683689465916,-1.3465730958053197,0.021771948503478734,-0.2565466367023549,0.002797972767910241,-0.39987909679555056,-0.21000540030378437,True
latin,1991,1995,1991_1995,83,0.9062532797925027,-0.2260766123237616,0.09173542058597586,0.07216490549077584,0.6220411384781881,0.08631543621781725,-0.2643491607279933,True
metal,1991,1995,1991_1995,74,-0.5923279754175845,0.70413832462206,0.06896522611875605,-0.3209538436318767,-0.25558655450069184,0.15261470520871862,0.31451650147598503,True
mpb,1991,1995,1991_1995,64,0.6125512424263968,-0.9145248853939753,-0.0734034478500056,0.15590720767323635,0.48472924646710996,-0.06341714208523958,-0.45165807733441904,True
new wave,1991,1995,1991_1995,98,0.4663540954399487,0.13152603490079903,0.05657895059846731,-0.02958790752213538,0.5155646128830691,0.04951256919217876,0.14127699624417,True
pop,1991,1995,1991_1995,502,0.6739230186078927,-0.08878383197335099,-0.0858963245772014,-0.046455051814566654,0.3973411190607583,-0.11162116711285494,-0.08147330740525234,True
pop rock,1991,1995,1991_1995,27,0.6373740922021163,0.11180209747521684,0.3421252825999477,0.294523383080671,0.6450424789234247,0.15617087584113276,-0.3119856726076338,True
post-hardcore,1991,1995,1991_1995,37,-0.5600922717800996,0.3972026879630866,0.3762702896600966,-0.0030464760951346577,-0.45791115001510363,0.30136740787826943,-0.2440394842657388,True
post-punk,1991,1995,1991_1995,39,0.13824298384263614,0.05450040679209541,-0.10734120456682074,-0.18682509415833282,0.194468845735244,0.19190468103026825,0.1277366119980263,True
power metal,1991,1995,1991_1995,28,-0.4335636785187472,0.5650159639922383,0.10298828672511873,-0.6842765493881533,-0.594400923878624,0.27769254620846645,0.44943825220643346,True
progressive metal,1991,1995,1991_1995,48,-0.6718160340887308,0.43074973412266765,-0.03491028754704084,-0.37875518318401163,-0.752010164184441,-0.01910670420573062,1.3469555199220535,True
progressive rock,1991,1995,1991_1995,64,-0.04501197807083704,-0.47039151403885726,-0.05563737386402187,-0.1782567866125436,-0.21341353283751388,0.02028312462600039,0.3904429262901686,True
psychedelic rock,1991,1995,1991_1995,55,-0.49610274191411313,-0.39227060545945164,-0.12589412099041217,-0.12600568932422165,-0.36245199821958457,-0.17624744926345115,0.7168878767637926,True
punk,1991,1995,1991_1995,213,-0.5161207993384874,0.9294504739795445,-0.050674550379674305,0.12829553490596063,0.5537677928891084,0.7008100995581766,-0.9971408669720911,True
rap,1991,1995,1991_1995,100,1.4848558970000858,-0.01695884538733034,0.09892746981403673,-0.3359821919154317,0.6133659946531737,-0.43053768364408634,-0.27193042614090734,True
reggae,1991,1995,1991_1995,30,1.4422337950558777,-0.29234772943897824,-0.04320112207383327,-0.2361785456220788,1.0630711186491164,0.3400309148823423,-0.3143962902094232,True
rock,1991,1995,1991_1995,352,-0.11223400352294687,0.12893457413555842,-0.1129733399096967,0.12552866273816543,0.1258480639837212,0.11920761881170215,-0.055401656496387064,True
samba,1991,1995,1991_1995,31,0.7393550464508498,-0.10528278341304288,-0.12756131854921418,-0.13729474860331897,1.1058926262257567,-0.2738260881833184,-0.49000771853536895,True
shoegaze,1991,1995,1991_1995,191,-0.707590718655655,-0.16629657763540462,0.12913909719962588,-0.05963731638963324,-0.4466271986384594,0.032802363553720335,0.12535291522029887,True
singer-songwriter,1991,1995,1991_1995,153,0.2669438538542984,-0.93196617156406,-0.05360530657804335,0.07553312277312718,-0.13708882382810228,-0.08128886860890337,0.025986644152927705,True
soft rock,1991,1995,1991_1995,26,0.2773831767801787,-0.7752870994339994,-0.2203152135033328,0.11477933145344804,-0.2838278694734092,0.10822971980978645,-0.17501711419360438,True
soul,1991,1995,1991_1995,166,0.8364934196210523,-0.402882160257084,0.035226462365497424,-0.09531969887414521,0.41145828506564847,-0.14953236003554046,0.03255083973017911,True
soundtrack,1991,1995,1991_1995,114,-0.6982851045748999,-1.3446730504537392,-0.0028066801688596795,-0.13487409261754763,-0.7716676284884413,-0.5316766116001862,-0.13516244406892963,True
synthpop,1991,1995,1991_1995,28,0.7109526953169932,0.4847965338098719,-0.23202910843914623,0.30866789077530715,0.9232456597602013,0.021545731491486423,-0.026425849439242793,True
thrash metal,1991,1995,1991_1995,113,-0.3223891222982521,0.8592562598092507,0.07603596209404352,-0.1421789040436364,-0.20743765608804862,-0.029001195880671213,0.09685542787851788,True
alternative rock,1992,1996,1992_1996,307,-0.1106197984286989,0.08528656975608066,-0.04408704309064593,0.2172149182173504,0.028557714165909576,0.030376487127142617,-0.16591919990213294,True
ambient,1992,1996,1992_1996,159,0.07569289536551096,-0.5406606637548921,0.01846772871337281,-0.23409561894492886,-0.6214282413774627,-0.08588571654635935,1.012533798775981,True
black metal,1992,1996,1992_1996,170,-1.4699460480894535,0.6905600516792034,-0.06669699322069332,-0.2860960126394155,-1.1701536499035174,0.16893151152872615,0.5325302359785303,True
blues,1992,1996,1992_1996,77,0.40711381440844663,-0.9719766042916181,-0.029527106605570872,0.03928523542312292,0.3417085316674554,-0.1765315896310346,-0.19397300200734718,True
bossa nova,1992,1996,1992_1996,20,0.23625670862423087,-1.0392780420235108,-0.07418935256457926,-0.04218191180771234,-0.069717649790517,-0.2903286982189154,-0.4109470393629529,True
brazilian rock,1992,1996,1992_1996,25,0.502952302561282,0.03834082157893537,-0.08834158688080825,0.19172545668217736,0.8162855224363796,-0.29764301417455924,-0.4668627815085564,True
classic rock,1992,1996,1992_1996,51,0.15273078685463268,-0.30923270504945116,0.00045674608376580826,0.3268163432966591,0.1470882478548992,-0.08696260239400232,0.08347654920507067,True
country,1992,1996,1992_1996,80,0.5745071599389755,-0.5879185770006095,0.10978969354639763,0.46284536106818586,0.48121891288813307,0.022260847190498593,-0.5434127819938932,True
death metal,1992,1996,1992_1996,142,-1.2300108413223014,0.9995085630681325,0.007335490186655339,-0.04667437086961802,-0.7349251606188396,0.0020088120771481004,-0.16526664756121584,True
disco,1992,1996,1992_1996,38,1.156710138683727,0.22445999151213647,0.09787202254325743,-0.30518780460734907,1.1859460780833913,-0.1923737020850717,0.31426153988847666,True
doom metal,1992,1996,1992_1996,106,-0.9073295945267368,0.35304447090345614,0.07988308518002693,-0.18060050894152355,-0.6555935002923481,-0.13251509925955793,0.7569939529606758,True
dream pop,1992,1996,1992_1996,49,-0.2864299529583428,-0.912918056344916,-0.11722369773025516,0.44168954620012996,-0.4423846391490936,0.05345965370369312,0.3432830858144241,True
electronic,1992,1996,1992_1996,154,0.6500207557022943,-0.012185851074982292,0.1634579067975517,-0.07117869302546724,-0.030627590326928276,0.18195711490970662,0.4454074961636886,True
experimental,1992,1996,1992_1996,60,0.1490502430616032,-0.45741589175983227,-0.3100599245017291,0.20590166083307976,-0.36932181024934585,-0.006983103565579152,0.21860045877772638,True
folk,1992,1996,1992_1996,36,0.23170114699036226,-1.0587166561939283,-0.001855710503853292,0.22952866775125041,-0.16824464085316176,-0.44198192285312143,-0.08016335574996813,True
funk,1992,1996,1992_1996,70,0.967444273141341,0.40669780700613073,-0.09238508239973083,-0.11812586261611807,0.9715657190661054,-0.181633550787438,0.10266729090957599,True
gothic rock,1992,1996,1992_1996,23,-0.3723655172202193,0.30420077772590165,0.2439282622828289,-0.4073732578690026,-0.33057338204743814,-0.08846234692014394,0.5108553499677307,True
grunge,1992,1996,1992_1996,315,-0.45671195164325723,0.2552343816973026,-0.013761558420680865,0.20252637413048397,-0.18074309544096082,0.13488006649195536,-0.11735721214025588,True
hard rock,1992,1996,1992_1996,101,-0.21509184267363998,0.5865053168820991,0.18349340889626345,0.02834821280445062,-0.02347072020097444,0.038730993957788874,0.32532812792305227,True
hardcore,1992,1996,1992_1996,27,-0.3792192952477097,0.6150305788639875,0.4672646492378114,-0.16425478088492748,-0.10837269264974125,0.3152890540241709,-0.5995726402177551,True
indie rock,1992,1996,1992_1996,149,-0.33034446740400764,-0.11894641240521461,0.00474022271586565,0.20257167999226375,-0.002595704437578379,0.0015422827914386465,-0.4769375431051524,True
industrial,1992,1996,1992_1996,101,0.14313049829146596,0.524513219238882,0.24234428427068105,-0.05586686135932605,-0.29694208849078957,0.16816825499266802,0.11812940098583474,True
jazz,1992,1996,1992_1996,73,0.41881412301719395,-1.3714603682689555,0.14042055686097546,-0.2009359788400783,0.0138233983258082,-0.36566849654263534,-0.12302376995410207,True
latin,1992,1996,1992_1996,83,1.0032006874239365,-0.08992609358040542,0.1333199144577181,0.11281694683016638,0.7670934972450651,0.06869614623206119,-0.23647110879650798,True
metal,1992,1996,1992_1996,75,-0.5734990203281944,0.6747666902860538,0.06261557915896765,-0.3753227093539188,-0.19845574905210736,0.08266167168937476,0.2498693397436729,True
mpb,1992,1996,1992_1996,67,0.5535460953179547,-0.7736607322847308,-0.06299430153830857,0.16252670783405002,0.38322127667768585,-0.14903620995039898,-0.42618984003652993,True
new wave,1992,1996,1992_1996,87,0.4193351450952619,0.20418048482986093,0.06782099867758062,0.01770032986420299,0.4683796200291825,0.11288890977261705,0.08838436458146601,True
pop,1992,1996,1992_1996,507,0.6539969243871625,-0.09572083550587472,-0.06433582452980839,-0.06126526354931173,0.39795913294965973,-0.11167253807325372,-0.10631203800207314,True
pop rock,1992,1996,1992_1996,26,0.6936937396872421,0.1469270905388852,0.27090743806962,0.2931398402232484,0.6181470434280588,0.13298289036398575,-0.34837964827099555,True
post-hardcore,1992,1996,1992_1996,35,-0.5898406035186082,0.4401835694741327,0.45348681265481594,0.03376203900069342,-0.5085852719328697,0.16318037375106256,-0.26362485871544045,True
post-punk,1992,1996,1992_1996,40,0.2098995305997054,-0.02707313379658551,-0.13079828982949523,-0.09534267737359635,0.2042711368749952,0.22282219397391403,0.1308777928425589,True
power metal,1992,1996,1992_1996,45,-0.4354562057574166,0.4851548414451656,0.07519534299561564,-0.6210435813028938,-0.6100771233537506,0.3211876138945146,0.46919988595580503,True
progressive metal,1992,1996,1992_1996,57,-0.831491583199726,0.44607814516906685,-0.04365032061903249,-0.37979940540157225,-0.7236198013955614,0.05160634625143852,1.5304834566351824,True
progressive rock,1992,1996,1992_1996,68,-0.2623558013934198,-0.4435204335255427,-0.05920463387680739,-0.17352027379401402,-0.2529688677943268,-0.05899646139879859,0.2648798119467941,True
psychedelic rock,1992,1996,1992_1996,62,-0.42929015261769715,-0.4889362185397629,-0.18877679815727205,-0.18966016466790672,-0.45801529712106126,-0.28141102341026775,0.6561420564981612,True
punk,1992,1996,1992_1996,227,-0.4610489357203027,0.9438046346637448,-0.1282421594023349,0.15875173072765547,0.5821919373977971,0.6038802524253668,-0.9203382525450992,True
rap,1992,1996,1992_1996,114,1.5019248253318802,0.05865343002105335,0.13263189630241634,-0.30518780460734907,0.6272353378285636,-0.4836788153390394,-0.1855094333210513,True
reggae,1992,1996,1992_1996,38,1.4864134070941106,-0.29625569228429655,0.008489490019705904,-0.19327040341601429,1.0244721441547868,-0.10715950008340579,-0.28990961347175487,True
rock,1992,1996,1992_1996,392,-0.14933050583627763,0.10221574314356287,-0.07678874254102948,0.14333831088139312,0.0801681916617033,0.08938810181234111,-0.09459068771357557,True
samba,1992,1996,1992_1996,33,0.6933426617248775,-0.17402254279978974,-0.11407292200122461,-0.1356159846204782,1.07321735186666,-0.3585483828343289,-0.4537328570597868,True
shoegaze,1992,1996,1992_1996,176,-0.5825051290258003,-0.12477825054089503,0.04835613094640359,-0.07117869302546725,-0.2716553997874377,-0.006128524963141365,0.030525810947238777,True
singer-songwriter,1992,1996,1992_1996,175,0.24103008719919417,-0.9071223726300408,-0.05761102093699673,0.08236616751807309,-0.13205276504548963,-0.10081613206148383,0.018048673140176552,True
soft rock,1992,1996,1992_1996,25,0.39964332118261253,-0.7277952926500475,-0.12230694923975782,0.10666823177676292,-0.12568537593804247,0.07921690875567289,-0.2235737981467765,True
soul,1992,1996,1992_1996,178,0.8195681190325316,-0.48716050088157,0.016607566475496625,-0.14611419504887885,0.33995823130300395,-0.1654711759873423,0.04024137903403324,True
soundtrack,1992,1996,1992_1996,124,-0.5393524017298394,-1.1533407824256947,0.05546337471958312,-0.05247109223981891,-0.6767023186329268,-0.4776503232646609,-0.005279982415013262,True
synthpop,1992,1996,1992_1996,22,0.5683394027918222,0.6106771454918009,-0.22986393004309819,0.12213318175956557,1.051567649103928,-0.00047789322251856614,-0.2751448503234482,True
thrash metal,1992,1996,1992_1996,121,-0.4649025447785636,0.8887020172982562,-0.013486793803233432,-0.1414739202200246,-0.32360945766887506,0.09852207998733249,0.07915464759729622,True
alternative rock,1993,1997,1993_1997,336,-0.15520165748738982,0.11023892447159547,-0.06298766728418055,0.20197482773044648,0.0001608816704821965,-0.01835947835789505,-0.13927420108919447,True
ambient,1993,1997,1993_1997,159,-0.0705778776751769,-0.621747656946708,0.011390710061503835,-0.268499121657804,-0.6664585870527397,-0.0721042480301397,1.0811038824588346,True
black metal,1993,1997,1993_1997,180,-1.5003908132233659,0.6800624535919519,-0.09774178377151023,-0.40458939790832904,-1.1471928465352976,0.13480648291026812,0.4906885219840564,True
blues,1993,1997,1993_1997,65,0.3530255309917088,-0.645010146929327,0.13138907237831765,0.00811635458615809,0.37407568888875903,-0.1202289912769271,-0.03452564575429513,True
bossa nova,1993,1997,1993_1997,23,0.29232239149673184,-1.1566737833168297,-0.11723261216792183,-0.23002425238157936,0.060329254234398666,-0.2198684915557658,-0.34459891863193326,True
brazilian rock,1993,1997,1993_1997,40,0.4137463763456111,0.08553618310722079,-0.11570458555147838,0.3237952579842591,0.7549520952754589,-0.04460580253001967,-0.33003054510465846,True
classic rock,1993,1997,1993_1997,65,0.25408891886547746,-0.27062171370049337,-0.037305066077035445,0.23770101160295887,0.2274672838893329,-0.11631332127587214,0.04252966629304493,True
country,1993,1997,1993_1997,105,0.5349522995635136,-0.5549520544288359,0.08277879560730014,0.4938362752135393,0.4337492999205461,-0.014028213370523138,-0.4902628636919002,True
death metal,1993,1997,1993_1997,130,-1.2235045204863062,1.0458735585060752,-0.05676977436034541,-0.07387816577698506,-0.745503278508235,0.0252549218307505,-0.1615093027437271,True
disco,1993,1997,1993_1997,40,1.1447434787873747,0.1298367260080125,0.25682830353742636,-0.3690584390843003,1.1937096646911836,-0.23751615901261752,0.22482155880007498,True
doom metal,1993,1997,1993_1997,106,-0.8546863589635622,0.29220117630880554,0.0414515104151831,-0.22827539468720548,-0.6230335204238244,-0.1340699693305173,0.6982017812924856,True
dream pop,1993,1997,1993_1997,48,-0.2527004451486873,-0.9115109018098719,-0.13913432700361075,0.4303881344563452,-0.4102363283142374,0.03580176353471453,0.310248393275978,True
electronic,1993,1997,1993_1997,198,0.5829843507799707,0.06207027159582762,0.19207701806971508,-0.07835059416042922,-0.07717533621055787,0.19238082109290133,0.410095529993428,True
experimental,1993,1997,1993_1997,80,0.07548432856047632,-0.38549296640481845,-0.2984565688781109,0.030664847686022446,-0.3673728326851898,0.020557373183761756,0.20143970105670883,True
folk,1993,1997,1993_1997,41,0.19776401325123716,-1.0816817374951515,-0.08741745867634296,0.1769050745532137,-0.17510819872578243,-0.3658132698656494,-0.13225409752181194,True
funk,1993,1997,1993_1997,79,0.9384288830768317,0.39973415651171423,0.05468005323649691,-0.13968136313171003,0.9437568429426094,-0.23688766359207544,0.09441776550593747,True
glam rock,1993,1997,1993_1997,20,0.25854706776544634,0.2025778597078319,-0.010270749016882698,0.3770916962203022,0.5042016157541659,0.23963461893934013,-0.20028751997966004,True
gothic rock,1993,1997,1993_1997,31,-0.3394740590702915,0.3495988078837759,0.1099011506892156,-0.2659040424984106,-0.43283650316071764,0.06536874702587714,0.4308453400538246,True
grunge,1993,1997,1993_1997,267,-0.4307482886282826,0.21408876709341562,-0.03212095733741064,0.18586327738086686,-0.2245354232391117,0.11649476674158575,-0.0990532081647023,True
hard rock,1993,1997,1993_1997,82,-0.23051730332808526,0.5579071001759224,-0.03598631890336945,0.07291202433654435,-0.03408348313224981,0.17946016651498675,0.26500179433151455,True
hardcore,1993,1997,1993_1997,29,-0.384963666554192,0.6897666398522417,0.38480316719321145,-0.18527761758070366,-0.06877358289054364,0.13539271753995777,-0.6630259643766895,True
indie rock,1993,1997,1993_1997,183,-0.34131452879067353,-0.15968119661878843,-0.07287809092995773,0.26583902186965497,0.0067868870927521386,0.02973901534329209,-0.3993496621157679,True
industrial,1993,1997,1993_1997,107,0.22035073127903113,0.5217029202395103,0.34248919004279255,-0.1200096622803609,-0.19419967955886971,0.16650515959335627,0.1288736097444585,True
jazz,1993,1997,1993_1997,88,0.30606688217647765,-1.4720672194447553,-0.06458514965591683,-0.151027555391397,-0.04743832933012704,-0.48088805137772894,-0.06666154778239258,True
latin,1993,1997,1993_1997,102,0.8356260330940093,-0.06213268292731413,0.09585219756042275,0.028052277184255632,0.7609991903502055,0.14530456047418733,-0.24088458075483768,True
metal,1993,1997,1993_1997,67,-0.5283993874988273,0.5989197535573622,0.05792028953783091,-0.2258739781516474,-0.2673274083703319,0.018999954474846262,0.4104775419934376,True
mpb,1993,1997,1993_1997,83,0.6010591279808225,-0.6032017643312373,-0.09072227087059026,0.054744563756523826,0.41368693733945744,-0.13195408442539058,-0.33593506431224357,True
new wave,1993,1997,1993_1997,84,0.39498499972490897,0.2917013642682274,-0.0203120667820823,-0.01374885084401341,0.39910970579755234,0.05247077453779131,0.11524765283706058,True
pop,1993,1997,1993_1997,537,0.6259873680227467,-0.02422457019545371,-0.048622225248585414,-0.07329794384517882,0.36024730647964653,-0.09550396395928723,-0.10229735870577344,True
pop rock,1993,1997,1993_1997,34,0.6753839899125317,0.19806515035261968,0.11790371892713557,0.3206601733821389,0.6334048566851126,0.057244668003396705,-0.308473317519689,True
post-hardcore,1993,1997,1993_1997,35,-0.6365855435068662,0.46708074868032146,0.5299521467508552,-0.034052255886315524,-0.5304026968412956,0.18862779978271282,-0.2631977922446318,True
post-punk,1993,1997,1993_1997,34,0.05763534270729228,0.004462904439889033,-0.21286910157355676,-0.05554997887228247,0.18732675920975292,0.3343681975495088,-0.06937075684388909,True
power metal,1993,1997,1993_1997,42,-0.5146498637725997,0.47413150910269525,0.013158992435249671,-0.5213339769015661,-0.6009399951458304,0.41694797503582837,0.44680583224122783,True
progressive metal,1993,1997,1993_1997,71,-0.8477645585521701,0.4439621990137209,-0.0251205851485159,-0.26396687073153935,-0.7787525451559113,0.02279004546449996,1.357722613222061,True
progressive rock,1993,1997,1993_1997,56,-0.3251121940224369,-0.2904761381640025,-0.010270749016882713,-0.254851785721351,-0.2819024053542322,-0.03286025310105067,0.289306889763387,True
psychedelic rock,1993,1997,1993_1997,59,-0.5223657177252798,-0.505774047148954,-0.1806327673722181,-0.2425923144564016,-0.4875809252883328,-0.18896051316872442,0.7220303872476466,True
punk,1993,1997,1993_1997,256,-0.5006704655060028,0.9415020710841584,-0.06738074380645535,0.23052649107118384,0.5635479003853852,0.5020512482377332,-0.8991712204441916,True
rap,1993,1997,1993_1997,119,1.4726059108481337,0.027968408313040986,0.1438930119664757,-0.2884419778869243,0.619232779917804,-0.49944319219023225,-0.12778376707618114,True
reggae,1993,1997,1993_1997,47,1.38596075474001,-0.3094094385039656,0.057027444515837945,-0.028868407790408602,1.0311839319217162,-0.15277164015888442,-0.18220013469586935,True
rock,1993,1997,1993_1997,431,-0.1848344590557574,0.11860825361828085,-0.05250951724961323,0.1329915359466387,0.10671685429922666,0.07312792009819309,-0.10325380182614882,True
samba,1993,1997,1993_1997,31,0.6250500507193353,-0.1508571146094294,-0.04428166402804261,0.1467135438451484,0.9931544600441357,-0.2944451792154891,-0.4442726751175019,True
shoegaze,1993,1997,1993_1997,141,-0.6415919272829582,-0.26695667206651336,0.11086599934201445,-0.05910752168319897,-0.3935224293448365,-0.011238169181702819,0.021548692108532948,True
singer-songwriter,1993,1997,1993_1997,178,0.17822525022499672,-0.9259657475790961,-0.09793483782092854,0.014196847107469823,-0.18054952172924224,-0.0357461262681072,-0.05543626825956054,True
soft rock,1993,1997,1993_1997,32,0.4472521516719393,-0.6110148272919589,-0.22113842208607407,0.23052649107118384,-0.044293841447262006,-0.021554149311181933,-0.11837966875318792,True
soul,1993,1997,1993_1997,186,0.8316289261580789,-0.5564490931301631,0.08873880357116054,-0.20859604439513849,0.17470175113116165,-0.2096067479669767,0.0822113965269257,True
soundtrack,1993,1997,1993_1997,132,-0.4897295833956094,-1.0573725939009406,0.13669762918285672,0.06700332830150633,-0.5178381392862296,-0.3600327302947988,-0.034655008519447625,True
synthpop,1993,1997,1993_1997,25,0.39162281242951585,0.49847130192720684,-0.013082317991138587,0.014675916215209538,0.8830479287585252,-0.09263086870999931,-0.14127854011831747,True
thrash metal,1993,1997,1993_1997,115,-0.4830078519761077,0.9130179937378101,0.03190278559695557,-0.0631832283383142,-0.3730259240819038,0.15963322037832336,0.09665537467893155,True
alternative rock,1994,1998,1994_1998,389,-0.151524017501108,0.14326296018025353,0.00943155988542067,0.16167347126594755,-0.0012135422180681156,0.0037967013205140333,-0.10736712471321275,True
ambient,1994,1998,1994_1998,165,-0.07207086137185525,-0.7121121133776046,-0.010912254496938646,-0.35353552152894807,-0.6433532987359831,-0.10530344179171625,0.8471194843562482,True
black metal,1994,1998,1994_1998,139,-1.5437344048812798,0.6745948306004353,-0.04598500070977621,-0.4936649814364633,-1.1681665171070441,0.16617380824236722,0.5607930626432619,True
blues,1994,1998,1994_1998,59,0.30195475165820235,-0.6913365388363819,0.12798772204782174,0.04093741723979552,0.33496306251439334,-0.15510871867442147,0.09059913514421586,True
bossa nova,1994,1998,1994_1998,25,0.4568469725044235,-1.0335278947787194,-0.2636200395389852,-0.03912694199629874,0.3320753733634739,-0.17509097348223876,-0.3887800898118292,True
brazilian rock,1994,1998,1994_1998,45,0.3774046872647675,0.1580621531557122,-0.022280126068780604,0.4388763455858592,0.7255050010756994,-0.06853758445437312,-0.33993664007134283,True
classic rock,1994,1998,1994_1998,67,0.20982568842316582,-0.22724358350263368,-0.11429201791071926,0.34235241569657354,0.3024496073967441,-0.09535261450228012,-0.05083804438330497,True
country,1994,1998,1994_1998,114,0.535542337442105,-0.5115549325138053,0.10046297145560763,0.5165703783972007,0.424936603905228,-0.01776440220242643,-0.47666216238449727,True
death metal,1994,1998,1994_1998,147,-1.3125482660934662,1.0147028754330905,0.031056071367269705,-0.12634963072677652,-0.8478132284750413,0.02653625180724714,-0.0945696042343327,True
disco,1994,1998,1994_1998,41,1.0510103614313477,0.13088465501686772,0.11984599509527269,-0.3600818036726975,1.1550423344170493,-0.16990063485498114,0.10218704380870627,True
doom metal,1994,1998,1994_1998,95,-0.7177978331899462,0.20412440355605463,-0.045644093694066294,-0.5896446602023754,-0.7201605059289247,-0.17066089616967464,0.7357548286303024,True
dream pop,1994,1998,1994_1998,34,-0.25103122644024034,-0.8462723126514776,-0.2543518807162953,0.40993150983261434,-0.5194691489755142,-0.23084237694147708,0.4093480313824855,True
easy listening,1994,1998,1994_1998,21,0.1306358819800944,-0.680289786600519,0.32963669816238383,0.31837131510296224,-0.2872658233592251,-0.15566579372883557,-0.08080757146036771,True
electronic,1994,1998,1994_1998,241,0.5021507413387649,0.04268028345341613,0.15885582257449857,-0.1024795866526599,-0.1317200491464,0.17553049412062346,0.4059702738301647,True
experimental,1994,1998,1994_1998,89,0.06580535399881744,-0.3585061009377662,-0.21139552662236702,0.00921046910751499,-0.4041947623350698,-0.008696846821564599,0.28306680541797874,True
folk,1994,1998,1994_1998,71,0.023794086630505206,-0.9612383152044277,-0.0009693696432571706,0.24482364391621764,-0.3174938053543967,-0.29134872577614845,-0.22707010395296334,True
funk,1994,1998,1994_1998,70,0.9206607682750813,0.3479739231643847,0.04828187675929551,-0.1234804633343266,0.8419373577044316,-0.2674246511132086,0.14173161873607598,True
gothic rock,1994,1998,1994_1998,28,-0.26226473293264907,0.2984586327764636,0.008088330844568626,-0.2590486226275857,-0.4039203083920374,0.1182577123498576,0.5945758970192011,True
grunge,1994,1998,1994_1998,223,-0.4419021728836381,0.23348703265074586,-0.035710017394349036,0.2283077646673143,-0.18046323046968743,0.13252844443105635,-0.10172595340446652,True
hard rock,1994,1998,1994_1998,81,-0.2979771016408085,0.560210308237474,-0.1382955709436343,0.19935400104578008,-0.00793051609029323,0.18964872296412766,0.18238109054633753,True
hardcore,1994,1998,1994_1998,42,-0.666495473930241,0.8787159420099141,0.45691626022568566,-0.08331211984002762,-0.2533441282716239,-0.13319675631207778,-0.6513302062974203,True
indie rock,1994,1998,1994_1998,215,-0.3376300125435295,-0.12439197797262039,-0.11417482742627508,0.2296273004062552,-0.02876129764952167,0.11096367740505361,-0.36905869327585716,True
industrial,1994,1998,1994_1998,135,0.104124727784873,0.49690279917463115,0.27366346385150486,-0.13910148580433176,-0.2672542888230897,0.21970466328243224,0.09351683110626657,True
jazz,1994,1998,1994_1998,90,0.26202064978688006,-1.5108756707809903,-0.09418191376068094,-0.10004892962931887,-0.09475495174422396,-0.43284083724269096,0.06182254307994432,True
latin,1994,1998,1994_1998,118,0.8168590414822926,-0.06242183125186305,0.05884119814367291,0.09455194351396577,0.748950064782579,0.032337055947984646,-0.24797125014812427,True
metal,1994,1998,1994_1998,105,-0.5004186198628665,0.5724319763893135,0.04560230703164707,-0.1636488068286256,-0.3128980200625776,-0.05980344826602008,0.3986999598787319,True
mpb,1994,1998,1994_1998,96,0.5077983483814881,-0.5728430869506302,-0.02833707014065263,0.039075801744164605,0.4323230420350263,-0.08713095895438012,-0.317530496589733,True
new wave,1994,1998,1994_1998,63,0.5077167804126326,0.30785100074485133,-0.21074319691338894,0.1510032172100498,0.5795539730241062,0.1797753902740284,0.04661168140318263,True
pop,1994,1998,1994_1998,568,0.6137516461779864,0.028016148237838913,-0.11588894458254675,-0.04105756836495078,0.42014690630224405,-0.049420818756811175,-0.12968619296849676,True
pop rock,1994,1998,1994_1998,39,0.5621192635308867,0.19807173038891512,-0.08672721336453074,0.3415453594265963,0.4677321531899342,0.08462068948020776,-0.22595935848032625,True
post-hardcore,1994,1998,1994_1998,37,-0.804874128831867,0.5526876176307377,0.32311882585188756,-0.07788396531377101,-0.4353745270547353,0.24900169254407561,-0.20387350665476509,True
post-punk,1994,1998,1994_1998,34,0.030545871526404658,-0.1461440410260267,-0.24607673891032208,-0.024241026466058514,0.02009842684990994,0.2649688627792417,-0.01935306980496285,True
power metal,1994,1998,1994_1998,66,-0.4996823749833346,0.6464714815542368,0.004434372125047999,-0.6538851808385927,-0.6967982521746481,0.3629336894615034,0.4015556595944295,True
progressive metal,1994,1998,1994_1998,85,-0.9201511660177307,0.48746999177132394,0.03693311085396086,-0.22271990020259466,-0.8168239149352419,0.11743063052495584,1.3575097846817539,True
progressive rock,1994,1998,1994_1998,48,-0.37963880537672146,-0.5733278286534055,-0.013683173192575135,-0.29043014098250675,-0.3452142272727063,-0.11254799736989897,0.25988418190415313,True
psychedelic rock,1994,1998,1994_1998,54,-0.5058922402751916,-0.6177429836381534,-0.16087342698215373,-0.13910148580433176,-0.5567321897885645,-0.2393713104951564,0.5877403094376042,True
punk,1994,1998,1994_1998,262,-0.5018409373304581,0.9540626713308664,-0.04759967360980491,0.2934577432792081,0.5911333084185235,0.44003322301791775,-0.8806296297411814,True
rap,1994,1998,1994_1998,115,1.4110456481077738,0.08054301586703788,0.19682324209632973,-0.32519540566439326,0.5753587724631891,-0.4764027919858042,-0.12291542677720586,True
reggae,1994,1998,1994_1998,59,1.3146778057009492,-0.42323624380996094,0.1232189962613287,-0.1735206878568855,1.1310700898095367,-0.04967116462331248,-0.3119458520947187,True
rock,1994,1998,1994_1998,421,-0.2072875928176607,0.13233934204311537,-0.027522578006246433,0.14901547257949266,0.08628797734003081,0.06912476108550386,-0.04107266486425955,True
samba,1994,1998,1994_1998,35,0.5304753610927304,-0.20477489140910982,-0.05622134261899441,0.1175295976314673,0.9202353030869602,-0.3254175231296821,-0.41033761908105826,True
shoegaze,1994,1998,1994_1998,100,-0.6211484208930395,-0.2634063823086127,0.18373412649192516,0.02413819900722216,-0.3686801159429165,0.03764166733625605,0.10246365050181523,True
singer-songwriter,1994,1998,1994_1998,216,0.13138451950246607,-0.9688220835800861,-0.03843197692710604,0.0366350169832263,-0.21874714017996397,-0.10383057484959085,-0.10712436098209227,True
soft rock,1994,1998,1994_1998,22,0.45452268155029896,-0.4657356847845918,-0.2513427382413959,0.43248592730267527,0.06223379932128501,0.06825173493255256,-0.017318181238707153,True
soul,1994,1998,1994_1998,214,0.8073720386726134,-0.552620234865481,0.10519143008715649,-0.3343642666793963,0.1927170671454382,-0.26191536416498523,0.1007927080291393,True
soundtrack,1994,1998,1994_1998,128,-0.48898897806259095,-1.0050368042113638,0.04200163521011944,0.1434193502742772,-0.45906217861871135,-0.35455087008318525,0.006202895272918647,True
synthpop,1994,1998,1994_1998,22,0.41279807521524153,0.31051964890104666,0.18347834938155871,0.049060830311639485,0.818824095418215,-0.17405507973371803,-0.08504518251938266,True
thrash metal,1994,1998,1994_1998,110,-0.48614960900227105,0.9147114324655273,0.0376853964726857,-0.06596669878567124,-0.2639882607614815,0.17189884952699733,0.10399307196788683,True
alternative rock,1995,1999,1995_1999,426,-0.1983138710971543,0.1885115567717621,-0.017325041138579026,0.0934905092213722,-0.017072428391214013,-0.00762164562127809,-0.15125407308147623,True
ambient,1995,1999,1995_1999,179,-0.13474012893505072,-0.9119057830303232,-0.010938829752900876,-0.24916413866078463,-0.6856239309044173,-0.16884677597542255,0.6974125624604971,True
black metal,1995,1999,1995_1999,113,-1.4049421559171342,0.504374155607923,-0.17394306734351686,-0.5150753987428253,-1.0270739870878935,-0.02961683590201997,0.5716933098767927,True
blues,1995,1999,1995_1999,67,0.2573387824113211,-0.7783667633726263,0.04979334826008844,0.11922784692195715,0.29519899447143116,-0.2757881009494161,0.02846621944347808,True
bossa nova,1995,1999,1995_1999,25,0.47855982582893014,-0.8970905472536339,-0.22538949736358077,-0.2109555709444437,0.24327076153108027,-0.16435325452314142,-0.36355061290526797,True
brazilian rock,1995,1999,1995_1999,51,0.2945840788918914,0.2539238674489303,-0.019374426769804835,0.42811070303107335,0.683465140567308,-0.0863138042530927,-0.3472597459634278,True
classic rock,1995,1999,1995_1999,67,0.14379460805280087,-0.31922666272384603,-0.004541053214815879,0.3082641548607363,0.18326030341879326,-0.12088484270809817,-0.07147614928498883,True
country,1995,1999,1995_1999,120,0.4698680449705127,-0.4343181796696677,0.043907121433640464,0.5419340355072826,0.3636207920822463,0.05584267819839022,-0.45567784858703614,True
death metal,1995,1999,1995_1999,131,-1.2933012964903157,1.0636979538295173,0.08054987381605304,-0.13618762258311082,-0.8348591065642467,0.21228606633727878,-0.09499778112353773,True
disco,1995,1999,1995_1999,42,1.0329487374980257,0.20981770549376885,-0.013099219014892385,-0.18683093735987572,1.206751127315491,-0.2203703774939081,0.017823512178540803,True
doom metal,1995,1999,1995_1999,122,-0.7386694629116349,0.11876270698495946,-0.09584066225051574,-0.5452399404092979,-0.8110311035521205,-0.14967489721650176,0.7476445424637626,True
dream pop,1995,1999,1995_1999,30,-0.3690465794665153,-0.8763990302981433,-0.2851294751903473,0.36602524895314104,-0.6509219616418079,-0.198382328598829,0.6205188377302152,True
easy listening,1995,1999,1995_1999,25,0.10793999516637585,-0.7972100843606355,0.21145909049464987,0.3800979518774723,-0.2231888924253193,-0.03916874655180317,-0.1588079084677359,True
electronic,1995,1999,1995_1999,264,0.4598454193781981,0.09781599340651664,0.10054978506910452,-0.16170111070928403,-0.0802554968749902,0.2205518939789974,0.3395039715489623,True
experimental,1995,1999,1995_1999,98,-0.11729111099787806,-0.25541450546182715,-0.10263298680373262,0.007027725373260021,-0.4630972406538287,0.0015136723901171222,0.24721406139782096,True
folk,1995,1999,1995_1999,77,-0.07043169519781174,-1.0570334565907866,0.0111459018563603,0.14214133879332433,-0.37193242615409117,-0.3055962307063418,-0.29535608675484426,True
funk,1995,1999,1995_1999,86,0.829136992886427,0.3643249702841427,-0.037443011889690854,-0.09215577649020477,0.7653630342230868,-0.31776395435166943,-0.009154630975754103,True
gothic rock,1995,1999,1995_1999,33,-0.34394220591004987,0.2365264276144813,0.005084621638547124,-0.17769281857784236,-0.41492694240160816,0.24721165933467168,0.6219012505552687,True
grunge,1995,1999,1995_1999,191,-0.4825189778175382,0.26525422142386124,0.03898336262633783,0.22050907997118085,-0.2301750376290041,0.24656726634168666,-0.07671333508549545,True
hard rock,1995,1999,1995_1999,83,-0.4047897094668149,0.4939288700245499,-0.130381339855952,0.26005610042654964,-0.18824957270638962,0.24183940341787022,0.1445007035750083,True
hardcore,1995,1999,1995_1999,47,-0.6953194683993725,0.8384025384634199,0.3909173483545777,0.04414959696045623,-0.34319199698855923,-0.11453295529604944,-0.665518818895625,True
hardcore punk,1995,1999,1995_1999,22,-0.4675429980150987,0.8366291485348103,0.03478489470583164,0.04619109158197431,-0.2627565967053702,0.25784401728296175,-0.8045284581034132,True
indie rock,1995,1999,1995_1999,234,-0.40152276610457854,-0.08243252336136311,-0.06900287271610768,0.24875272458371323,-0.06892997906973347,0.18839862445212158,-0.2856650567049785,True
industrial,1995,1999,1995_1999,138,0.09617385072408709,0.48026849848495234,0.22866680149909893,-0.1540529025982344,-0.309437369518759,0.22983678526797385,0.058105878738790695,True
jazz,1995,1999,1995_1999,106,0.19096411974186678,-1.5249667700643388,-0.12996756344099195,-0.058811065743653995,-0.1212501944700337,-0.34644552596221356,0.11373300913367872,True
latin,1995,1999,1995_1999,144,0.7234500343712078,0.025058588556664194,0.05829761088409856,-0.015110455247499306,0.6881527970437145,-0.10104357884940068,-0.18919016668372768,True
metal,1995,1999,1995_1999,119,-0.5206856971633871,0.5245746541508637,0.0237676265452183,-0.11587613269938159,-0.3727255244623338,-0.09766996238223595,0.2006912148533331,True
mpb,1995,1999,1995_1999,101,0.39832835208019185,-0.529638508045417,0.000631681122094289,0.06994115277290253,0.21220303635296042,-0.08225500157769025,-0.23911335012942483,True
new wave,1995,1999,1995_1999,71,0.48544117253002095,0.2842681683575992,-0.06005279816696621,0.1529526342537581,0.5957942049958034,0.1768789143314755,0.03608246880772807,True
pop,1995,1999,1995_1999,705,0.5932198018970254,0.06340950456833157,-0.047202302861669286,-0.01573424527074094,0.41860897450371287,-0.036415315335265375,-0.12293616107199694,True
pop rock,1995,1999,1995_1999,45,0.5779017494795192,0.28271973079293683,-0.11711078755256632,0.29566173433148435,0.5051813833700555,0.07040927748366324,-0.21048688703199125,True
post-hardcore,1995,1999,1995_1999,30,-0.6899444514230509,0.3226478496866934,0.162920358510402,0.01420767584485764,-0.2465994250237619,0.05053209979939813,-0.3896198054782515,True
post-punk,1995,1999,1995_1999,37,-0.09364791774792994,-0.040068288497926124,-0.11004693882305003,0.033224841958818904,-0.09757907722400101,0.2587159322646556,-0.06618910202191908,True
power metal,1995,1999,1995_1999,68,-0.6020423280454876,0.717517158444318,-0.03859225051922424,-0.6480371676530875,-0.7296464026076113,0.39868291682637685,0.4405779489293677,True
progressive metal,1995,1999,1995_1999,106,-1.0053613614583643,0.4197170515412581,0.03646604223794209,-0.13846787474930305,-0.8536200925489885,0.11023587125567881,1.5330912559618983,True
progressive rock,1995,1999,1995_1999,47,-0.4356829557127074,-0.4240201929576055,-0.0023178780317183174,-0.18041481140653318,-0.3095051804484707,-0.0930841408525779,0.5656030104831696,True
psychedelic rock,1995,1999,1995_1999,43,-0.5757307106780363,-0.5079180793629169,0.06349844773765821,-0.16579201272217106,-0.4368683579428909,-0.022731426751775544,0.6096837138353285,True
punk,1995,1999,1995_1999,221,-0.5409455843204887,1.0041786168199074,-0.01134940146784948,0.2593656227166931,0.49958667382010646,0.457525692485777,-0.8547453819734921,True
rap,1995,1999,1995_1999,125,1.4121546215573535,0.09251529943586768,0.1644138579560712,-0.2785045449812341,0.639141365435172,-0.3941834219931487,-0.11542538897120003,True
reggae,1995,1999,1995_1999,56,1.2026044317641662,-0.3510121836646216,0.01023670982368832,-0.2999151572875382,1.0353100312367765,-0.19140692601920037,-0.29081434164943193,True
rock,1995,1999,1995_1999,408,-0.252469959993558,0.13095024824925328,-0.06604628444696622,0.12803100832106695,0.08444597028847878,0.0897862847166047,-0.07745014343387288,True
samba,1995,1999,1995_1999,53,0.5200924552548922,-0.2570374349814892,0.031182435708452114,0.04075994551340732,1.1841982902298707,-0.5490041848047089,-0.5122067299489119,True
shoegaze,1995,1999,1995_1999,66,-0.8090946066649037,-0.4950395004543291,0.051756479315708516,0.23809158600467434,-0.5237520811126087,0.007578462974483586,0.19191339721552514,True
singer-songwriter,1995,1999,1995_1999,200,0.08146305215542092,-0.8968074951779144,-0.019566605007299027,0.03179855450027181,-0.17600519450396163,-0.08500605786517312,-0.14872712244176026,True
soft rock,1995,1999,1995_1999,24,0.30224767264041524,-0.3934260428368667,-0.27812869653877315,0.19011646239899935,0.18767916486945427,0.23926590756345245,-0.04298272257945359,True
soul,1995,1999,1995_1999,225,0.7733472948547157,-0.5583597124978287,0.13056120385423678,-0.2860099865408775,0.17023653082232967,-0.2653856709342442,0.10570516954374402,True
soundtrack,1995,1999,1995_1999,135,-0.33867793699530085,-0.8024043862203757,0.10898843408345996,0.1392983685055806,-0.3430741199209115,-0.26124652961513756,-0.03263837390087978,True
synthpop,1995,1999,1995_1999,27,0.3476933304107132,0.3972168023238917,-0.09014482533909532,0.01420767584485764,0.5994543795829081,-0.24832289130704674,-0.035733546415806804,True
thrash metal,1995,1999,1995_1999,98,-0.5787803580303092,0.9433587547258657,0.00023559746429658427,-0.03605197745632569,-0.3612495140615621,0.10052626253662474,0.2207186801825661,True
alternative rock,1996,2000,1996_2000,455,-0.20455681428723635,0.21408931659461702,0.013468428356739908,0.0868263833465645,-0.01778407358766181,0.0007338017341755482,-0.15544631457634156,True
ambient,1996,2000,1996_2000,184,-0.3091834730551532,-0.9735165739971419,0.11230538600451023,-0.27212076615378594,-0.7699899795543916,-0.14151791462030633,0.7259474748274459,True
black metal,1996,2000,1996_2000,104,-1.5323473869856348,0.5200259675689561,-0.25054773537753317,-0.4470097510847007,-1.0642260579402847,0.010379429866660047,0.5629507660204105,True
blues,1996,2000,1996_2000,66,0.24978818738470257,-0.7634954782939568,0.00038944793201247123,-0.020996082791622347,0.2606277043935556,-0.2505821905169086,0.05305088108065426,True
bossa nova,1996,2000,1996_2000,32,0.45513218664439076,-0.9153201247931178,0.007557331341977523,-0.1754946019794555,0.23145871865268586,-0.2130548046692473,-0.3950493254137891,True
brazilian rock,1996,2000,1996_2000,48,0.22861036204774776,0.2729427466026508,0.01047758013862995,0.5217294846117916,0.6230874093360981,0.015884265649250866,-0.28420395474200466,True
classic rock,1996,2000,1996_2000,69,0.11673643544844309,-0.0997705371626707,0.04932958586800571,0.22427246940846057,0.41890932920368396,-0.016099833349101787,-0.11938560912937221,True
country,1996,2000,1996_2000,122,0.35448988469282233,-0.5471035174636023,0.012296751520151132,0.5681634657884627,0.2884976723252742,0.015518486320533572,-0.4423981688462711,True
death metal,1996,2000,1996_2000,123,-1.3631874381363875,1.027916101646645,-0.031830414622627166,-0.09365579913261705,-0.9353362023351633,0.22392467646211722,-0.11022959723510345,True
disco,1996,2000,1996_2000,49,1.064356524239598,0.23903906812470074,0.03705780387958878,-0.41294209065275006,1.1401601942179138,-0.09160695278245388,-0.07475391402693715,True
doom metal,1996,2000,1996_2000,97,-0.8328509995781218,-0.0034339461452533105,-0.15239402800456212,-0.5110786178838765,-0.8964503537317182,-0.2171318972201804,0.8863200662997344,True
dream pop,1996,2000,1996_2000,37,-0.48859687972360516,-0.9293521664435971,-0.1721563581168759,0.23082686740226785,-0.7430693939930676,-0.2065297441295663,0.5663576785556816,True
easy listening,1996,2000,1996_2000,29,-0.021415255760386647,-0.8595994784940008,0.18186597503181723,0.4511054930820747,-0.3157705121555387,-0.0356553514937882,-0.24085505984851407,True
electronic,1996,2000,1996_2000,296,0.4378752538357749,0.12967991981411087,0.11955281897575575,-0.2355595148445798,-0.06850820877460477,0.21050650737992985,0.36543221558169403,True
experimental,1996,2000,1996_2000,87,-0.1995091059014161,-0.2584106694029164,-0.08236619194804376,-0.005696494684604381,-0.5009856855003223,-0.026586793693203378,0.39698563479095633,True
folk,1996,2000,1996_2000,76,-0.14094053219158753,-1.088984243993835,0.021851180715065716,0.07908392963774326,-0.4380003976370428,-0.28073884038265867,-0.2964690015491825,True
funk,1996,2000,1996_2000,83,0.9272815350980198,0.17142995715492884,0.049672244710567345,-0.24322194171610523,0.829679544490537,-0.27350590362378674,-0.018045937125907248,True
gothic rock,1996,2000,1996_2000,36,-0.35768849375720835,0.35992001971152515,-0.2211954910624626,-0.015714082135628048,-0.45364853752550516,0.24070462874312776,0.6036572723181401,True
grunge,1996,2000,1996_2000,148,-0.5128581945384529,0.2714367846314131,-0.09070509438321901,0.28735855009885547,-0.2510717197142691,0.4332999356523491,-0.07108490630939845,True
hard rock,1996,2000,1996_2000,84,-0.39443504299664106,0.5573332514982948,-0.16557170445955924,0.1668922262573176,-0.02755193182649206,0.32826470681621633,0.027459796670068492,True
hardcore,1996,2000,1996_2000,54,-0.8089548723448635,0.8710655364067091,0.331704947770397,0.11985726803489219,-0.3339624550820975,-0.04533301733127053,-0.718072524793927,True
indie rock,1996,2000,1996_2000,269,-0.35936256672312283,-0.12735657624866484,-0.007521574154491703,0.2264136133627573,-0.07911930683564791,0.21024399502435365,-0.17353116678479016,True
industrial,1996,2000,1996_2000,143,0.04299316941829698,0.49269413130869505,0.12095692272527073,-0.0795043977503284,-0.37146860475063403,0.26428062891614784,-0.0034349090977368133,True
jazz,1996,2000,1996_2000,126,0.15273369742689438,-1.5087996915189728,-0.17113408311984957,-0.024014368880761944,-0.15313732827504684,-0.1811212534971315,0.14368323411898845,True
latin,1996,2000,1996_2000,141,0.6017254523324748,0.12492620186254513,-0.013257207953311053,-0.002115740021259757,0.6020374430316079,-0.015245524510672685,-0.1010703558370836,True
metal,1996,2000,1996_2000,135,-0.5413112820737226,0.5519053189844686,-0.04935507298389312,-0.14353849801069,-0.419312325143735,-0.17111172009003883,0.24847585737950514,True
mpb,1996,2000,1996_2000,134,0.31020664857917035,-0.400525814288797,-0.030231559802763586,0.09962273815869514,0.25636288355049686,-0.04730687504313246,-0.24456153732764102,True
new wave,1996,2000,1996_2000,57,0.5533107389030982,0.3221697866174662,0.02922865135924027,0.15247593875261137,0.663570616773265,0.1903464269912376,-0.001272784195148549,True
pop,1996,2000,1996_2000,770,0.6057668298153078,0.12459082297913653,-0.017086534477045168,0.019750779411762218,0.4492602030497507,-0.04348681060634047,-0.1297074757333462,True
pop rock,1996,2000,1996_2000,37,0.4821677555045862,0.3209233435773642,-0.2782324225141965,0.28735855009885547,0.4368449602930971,-0.11433220765374615,-0.14739546774583123,True
post-hardcore,1996,2000,1996_2000,41,-0.9280975139054018,0.529198406029741,0.006916301118322107,0.025382459553693424,-0.342012175690132,0.17947995656949578,-0.2702421035528074,True
post-punk,1996,2000,1996_2000,37,-0.10759282327435356,-0.07848044608748822,-0.09638774069021833,0.11776350200909264,-0.18472118157100603,0.1915564171503614,0.0835280551174087,True
power metal,1996,2000,1996_2000,77,-0.6362599120142504,0.7160975265306712,-0.10337419762176728,-0.5642875788367498,-0.650093246629033,0.24865537842321092,0.39233042202723106,True
progressive metal,1996,2000,1996_2000,94,-1.0162357453029638,0.4217829904174908,0.08416726253926353,-0.08370579270746951,-0.8185132913222862,0.10038361056424981,1.3888781695926349,True
progressive rock,1996,2000,1996_2000,57,-0.3454213176972893,-0.19214802871298325,-0.015036172505807044,-0.06770008859199296,-0.4233106078464179,-0.12589731773499901,0.36395181076683875,True
psychedelic rock,1996,2000,1996_2000,29,-0.32558150354223414,-0.44786231948811234,0.05619457854139553,-0.05378091444951797,-0.31772211545435064,-0.3793142328042045,0.4525992390452707,True
punk,1996,2000,1996_2000,230,-0.5304099143628449,0.9566815257906797,0.012356696755606291,0.2667121964183626,0.4859183665673171,0.4215007159895055,-0.7719864573382106,True
rap,1996,2000,1996_2000,127,1.437112811986503,0.10642824415683497,0.14738436230609886,-0.2815193277455457,0.6607181243462928,-0.4372205556362327,-0.06672118072349925,True
reggae,1996,2000,1996_2000,67,1.1780205012605047,-0.317657938773501,-0.005126137312139735,-0.19695765688385022,1.0882133399309883,-0.22207784154252422,-0.26245955051248515,True
rock,1996,2000,1996_2000,365,-0.19795951524894262,0.07908308309909153,-0.008932073507065364,0.12070624713576435,0.06803899253643765,0.007365619485344858,-0.02516595320980133,True
samba,1996,2000,1996_2000,66,0.4967935720065313,-0.33057297282055903,-0.025096359747863253,0.10577193295224076,1.0881958072656521,-0.43858476611581704,-0.45235697175086365,True
shoegaze,1996,2000,1996_2000,48,-0.5396155253830868,-0.09345367330649912,0.06304205847837363,0.1295409359042151,-0.13772681257659483,0.02546952114912494,0.03505585946099737,True
singer-songwriter,1996,2000,1996_2000,211,-0.048428208828355294,-0.8539939861268429,-0.03035054284774285,-0.0137865273938671,-0.2504118206884605,-0.0885821609015043,-0.12829692736839546,True
soft rock,1996,2000,1996_2000,20,0.2678412721530969,-0.4484671037992256,-0.27103440385866406,0.21669394672812095,0.08749622839383386,0.14334924881725403,0.058657950777217804,True
soul,1996,2000,1996_2000,228,0.7748288469489848,-0.5829489154767984,0.09931462247889851,-0.32457212049403134,0.1761790334261252,-0.2503717880419262,0.09432357866135084,True
soundtrack,1996,2000,1996_2000,140,-0.3183153256437695,-0.9062911346403225,0.08940773332814984,0.06728878531571088,-0.45416324690389426,-0.23186751153988194,-0.18600325962603192,True
synthpop,1996,2000,1996_2000,25,0.2975134062462658,0.4079601325477256,-0.05516961281011661,-0.09705689223794019,0.34632828425606327,-0.22436173736668905,0.07196748791289104,True
thrash metal,1996,2000,1996_2000,107,-0.6182170569722206,0.9861328168332808,-0.04165022548385731,0.0554201509979026,-0.45381327753497275,0.03574265354579445,0.28320325131414514,True
alternative rock,1997,2001,1997_2001,479,-0.2045511860137994,0.17730871667152892,0.019328296804355785,0.07176644051894747,-0.07945834248273805,0.041237222240666366,-0.1255434633734078,True
ambient,1997,2001,1997_2001,218,-0.3729795908162648,-1.0149221423888393,0.1576401455240024,-0.24359575856749752,-0.8015701870950597,-0.22589005337632714,0.7224694453301292,True
black metal,1997,2001,1997_2001,112,-1.5136481073993306,0.6721609738105746,-0.2502418575580418,-0.44017274530284517,-1.1057767489684251,0.09064533441088385,0.6851220230271267,True
blues,1997,2001,1997_2001,69,0.18958025600728604,-0.617882893852021,-0.04903244689205246,0.055820114746990335,0.35409061179520646,-0.21346047621033443,0.12186924718798535,True
bossa nova,1997,2001,1997_2001,31,0.4206903764246915,-0.9631754737043374,0.01898781444254356,-0.12337730565811152,0.24467599443271756,-0.21999742785220616,-0.2999369705850106,True
brazilian rock,1997,2001,1997_2001,47,0.1294434959170769,0.2387694594032817,0.10747338483307967,0.48427352151344394,0.4519441175963889,0.05731746399787343,-0.3420383442121183,True
classic rock,1997,2001,1997_2001,71,0.14603381016419567,-0.06678191923269715,0.024985685656532784,0.16340166467329267,0.49068083446047617,-0.046020249132847926,-0.21141533525112294,True
country,1997,2001,1997_2001,114,0.3225783307134577,-0.5763261012887917,-0.00596861348666048,0.5857493283791829,0.16758662191841742,-0.009013760232740316,-0.31732870757273024,True
death metal,1997,2001,1997_2001,111,-1.2398113295652233,0.9956270690257589,-0.03660027661890783,-0.09431826451133823,-0.960778070424722,0.09063690417739179,0.003136587553189186,True
disco,1997,2001,1997_2001,55,1.0806067566197262,0.3127871050058087,0.02771895153277236,-0.4239402517012142,1.1122941278322098,-0.021861099244742322,-0.061076545341226605,True
doom metal,1997,2001,1997_2001,97,-0.6696899276705336,-0.09294125895222269,-0.15923539626521901,-0.452444733592738,-0.937182647712224,-0.09533004721494004,0.917816397008189,True
dream pop,1997,2001,1997_2001,31,-0.7387168696756697,-0.8389678947079262,-0.13504262290394517,0.07821979229762807,-0.8234074733347365,-0.006350917054082726,0.024007636612074185,True
easy listening,1997,2001,1997_2001,34,0.13691944726452213,-0.5340571400575234,0.1746171836646014,0.2600524688851579,-0.09376422829408172,-0.0795112862216337,-0.1845680438483785,True
electronic,1997,2001,1997_2001,362,0.5039833555118265,0.15578294882758667,0.13139449207060352,-0.21656491447374807,-0.00441874169604606,0.13784262753238188,0.32684064098101046,True
experimental,1997,2001,1997_2001,118,-0.35205431164315243,-0.30903715990805175,0.0007130167912652571,-0.11483505574473273,-0.5812251826303654,0.09649698199199583,0.18014496966099106,True
folk,1997,2001,1997_2001,91,-0.05873973727367052,-1.1008533218279086,0.039896923584600875,0.10923473044466493,-0.39632767748076597,-0.2021072239127351,-0.24675080900960794,True
funk,1997,2001,1997_2001,82,0.8835770418845699,0.10130272854848897,0.0027450064870673625,-0.16435232556781468,0.7611381919314726,-0.2151672032674533,0.05332581753909432,True
gothic rock,1997,2001,1997_2001,29,-0.23702314305674155,0.35689368216454354,-0.2737637470050425,0.03187563184803276,-0.3422274448640841,0.47160781243775934,0.42936150675166784,True
grunge,1997,2001,1997_2001,117,-0.4793318196342969,0.33473977945595834,-0.005715910803072261,0.3228931932353633,-0.21062953795381928,0.4673959774346671,-0.05699815370688679,True
hard rock,1997,2001,1997_2001,131,-0.30168290440662493,0.6277941375594055,-0.1583512252325337,0.225442100473957,-0.04627720934539737,0.24444860101609042,-0.07652348366268145,True
hardcore,1997,2001,1997_2001,72,-1.0010669536240044,0.8160365970841651,0.19113947971214865,0.14261886525571155,-0.41081466100436875,0.055942302242977165,-0.6957630789958762,True
hardcore punk,1997,2001,1997_2001,33,-0.8181824576895943,0.8867666792152008,-0.004624694669395873,-0.007306249259352365,-0.3034898567189535,0.21778655390953822,-0.8877918543875691,True
indie rock,1997,2001,1997_2001,336,-0.22971702635579053,-0.07451996350929352,-0.0588094215071448,0.22321770501380983,0.023107895819923237,0.17305415691275167,-0.20230232928561812,True
industrial,1997,2001,1997_2001,167,0.034924408879197545,0.399384072814301,0.02799417323067923,-0.023182340805857713,-0.34952750415868733,0.17905678491402385,0.14311998241979387,True
jazz,1997,2001,1997_2001,125,0.07933078387939967,-1.4911642385508317,-0.1975971016945427,-0.03306180577394019,-0.18395335572317745,-0.137185315638831,0.22234540470079173,True
latin,1997,2001,1997_2001,171,0.6189331353237045,0.15941755007011196,-0.02403685536321798,-0.01727356989193279,0.51187876526369,-0.04259651859839405,-0.06956225999005677,True
metal,1997,2001,1997_2001,167,-0.5467542560963315,0.6469680897425797,-0.057783255950299525,-0.11050084431163713,-0.41296674764839625,-0.13076689161655622,0.1873460270393035,True
mpb,1997,2001,1997_2001,138,0.3335889845902704,-0.4019366386785401,-0.040891025651232094,0.1312972891024001,0.2933574546201744,-0.059093950079711736,-0.18269404165749656,True
new wave,1997,2001,1997_2001,78,0.4673154331442528,0.24088592136213427,-0.06093144716709764,0.1359420382935022,0.47322633469218,0.16839776307560092,0.018776242444690113,True
pop,1997,2001,1997_2001,891,0.6211364832014229,0.15445050811480815,-0.011559979430094711,-0.007306249259352365,0.4984281201007093,-0.06642532705374558,-0.1218309992022669,True
pop rock,1997,2001,1997_2001,55,0.2909286832683139,0.3243137947923501,-0.22762562374750311,0.257824479567287,0.4185274795056345,-0.11428664240017394,-0.1219654697597104,True
post-hardcore,1997,2001,1997_2001,58,-0.9576440092869386,0.4759301537755011,-0.007412940031651754,0.10370908054490549,-0.3314290560712276,0.3544202524707599,-0.1292115280607352,True
post-punk,1997,2001,1997_2001,56,-0.2149540070051306,0.06853548606127303,-0.31043022173124957,0.043420293245744444,-0.06657723921467248,0.2552898051372687,0.14154802378854975,True
power metal,1997,2001,1997_2001,91,-0.7289385331519208,0.6445383940781088,-0.04652739420256929,-0.3714968108344064,-0.6940131108783499,0.21085274957220465,0.38990843849131496,True
progressive metal,1997,2001,1997_2001,105,-0.9987518731325962,0.3465632063442569,0.16438909563516738,0.016140685943003497,-0.8679521063080212,-0.04553719580199754,1.3839422759201885,True
progressive rock,1997,2001,1997_2001,50,-0.4500777966688696,-0.25795508063127737,-0.14029777900164891,-0.12472128631114979,-0.6119333009246835,-0.06657272650679065,0.6300279543893401,True
psychedelic rock,1997,2001,1997_2001,25,-0.28158019916377364,-0.3688790192480853,0.41584270595879097,-0.0830578860669636,-0.24100923596595286,-0.24410920857024776,0.3167688495062502,True
punk,1997,2001,1997_2001,258,-0.49250855212129435,0.9544246587991017,0.13452820178179298,0.289974883561215,0.4920266264012659,0.44571385620174664,-0.7718006075059058,True
rap,1997,2001,1997_2001,134,1.3682295755252005,0.1593661424882649,0.1366405628985973,-0.24473675268619358,0.7174504103122672,-0.35268969226088687,-0.11850520719882449,True
reggae,1997,2001,1997_2001,79,1.0985371343687618,-0.2749140465648318,0.15558517176173053,-0.30455950761833317,1.2468759751041232,0.05212440716898091,-0.3010017010363694,True
rock,1997,2001,1997_2001,362,-0.1815094129427713,0.07366653140316275,-0.07266955662714146,0.1459757230101925,0.04176109011588784,0.010793481150947202,-0.021881468386770332,True
samba,1997,2001,1997_2001,77,0.5453015837051981,-0.35076777431896466,-0.0496139769806825,0.12796453075423914,1.025789853791655,-0.3868972581756392,-0.43974314955058713,True
shoegaze,1997,2001,1997_2001,40,-0.6498572902161583,-0.02845868698123711,0.24029331045360167,0.17733836545920004,-0.5514663886519314,0.11766261206533253,0.1799203105904698,True
singer-songwriter,1997,2001,1997_2001,241,-0.01733055093707222,-0.8090589713303646,0.009325665944118482,0.006838247239994132,-0.23976926806444765,-0.11791080206123675,-0.12268168635268542,True
soft rock,1997,2001,1997_2001,24,0.19173423271686063,-0.4115661937575772,-0.5344646883759675,0.14261886525571155,0.08158363602697351,0.026921709025205746,0.064124020312595,True
soul,1997,2001,1997_2001,240,0.7784467173091176,-0.5061790916832981,0.1256010387235446,-0.35213401264399935,0.24675598550900377,-0.2574775700846189,0.0965993169696667,True
soundtrack,1997,2001,1997_2001,213,-0.7177460421073564,-1.246027380603996,-0.018530784215176135,-0.022421012472138645,-0.6213676312588956,-0.3507419737745036,-0.30223446701693074,True
synthpop,1997,2001,1997_2001,33,0.35777320101430743,0.3130349908076698,0.03793273454398337,-0.13355897727203778,0.4299494414262211,-0.038361584080122024,0.1721636429709742,True
thrash metal,1997,2001,1997_2001,87,-0.6209572892072922,1.0600644980749274,-0.12848148865592027,0.007931148949075184,-0.44537271049202487,-0.006457104683709709,0.3082052591525554,True
alternative rock,1998,2002,1998_2002,503,-0.188757661531881,0.1636454251477662,0.04688513471284438,0.06707365662697144,-0.10644738308969591,0.08871741958067904,-0.11253468886025868,True
ambient,1998,2002,1998_2002,277,-0.39194750217635305,-0.9554374042801679,0.07812037087078556,-0.14946692860547622,-0.7401183190620894,-0.30257778196818286,0.48979447727630915,True
black metal,1998,2002,1998_2002,114,-1.4337673831299935,0.6619835412268654,-0.22567569559166523,-0.3275159519434329,-1.1532954602610748,0.08477646645523507,0.8809721269115163,True
blues,1998,2002,1998_2002,95,0.016282342841946323,-0.9560161346070846,-0.21574572799356515,0.19623179458344137,0.12567783277314576,-0.32855647779162767,-0.14749285189028374,True
bossa nova,1998,2002,1998_2002,36,0.49780998360380224,-0.8937463222744069,0.02919347275956938,-0.27295889501355014,0.17181609442547155,-0.12866724959159576,-0.31072501790134055,True
brazilian rock,1998,2002,1998_2002,35,0.056744670856408774,0.3285688297210032,0.2753620980724687,0.4082249300824143,0.364964977091525,-0.23043338157960191,-0.4746540990169439,True
classic rock,1998,2002,1998_2002,81,0.12641205635840838,-0.0674155631058618,-0.005745302122634492,0.14935313825850507,0.5432801009457784,-0.08517739593640071,-0.43644942837666467,True
country,1998,2002,1998_2002,136,0.3109294766828171,-0.5877262407448584,-0.027916010007444755,0.5197230497912165,0.17420085601464325,-0.13171569284565599,-0.2854282309187848,True
death metal,1998,2002,1998_2002,144,-1.0844352191317754,0.9666624005047546,0.048846533630809076,-0.17217988707362786,-0.9422621077812193,0.027814633516385943,0.002717972638056688,True
disco,1998,2002,1998_2002,49,1.1043652081230224,0.334311527351585,0.0015989709648491733,-0.33642322654423,1.0812474978083506,0.04763608682434271,0.039964148005526966,True
doom metal,1998,2002,1998_2002,99,-0.6475778926686022,-0.08369753783193397,-0.1794863008550483,-0.4718992743235265,-0.9428118925759176,-0.06819107810274894,0.9369272478742359,True
dream pop,1998,2002,1998_2002,29,-0.811765041048799,-0.8380490262959548,-0.14537992311737344,0.04873961309024113,-0.8156022322511631,0.02918462554545904,0.05354898240919765,True
easy listening,1998,2002,1998_2002,40,0.11403388047303946,-0.5896046346195057,0.044915921456561134,0.29716234990372437,-0.08574072281056344,-0.19598429606437429,-0.2181260888756223,True
electronic,1998,2002,1998_2002,385,0.5068745442256442,0.11163933730151097,0.07321632911114627,-0.17333912612599803,0.03202740773354443,0.11031579340214655,0.30385818240863804,True
experimental,1998,2002,1998_2002,117,-0.4717969188640912,-0.32279435896867625,0.09692094406968767,-0.06918595588227873,-0.7056916931358445,0.047840500649260584,0.45997173946300635,True
folk,1998,2002,1998_2002,112,0.006812078107422321,-1.072607657419797,0.05755003201664378,0.18980185573099087,-0.2959959186298948,-0.238041626512495,-0.22711307308329048,True
funk,1998,2002,1998_2002,81,0.8367048883910887,0.1390538310875409,-0.01622693458729565,-0.15778288593935327,0.7446480095559446,-0.2296620597336195,0.05732503071634391,True
gothic rock,1998,2002,1998_2002,26,-0.16930658724532632,0.4043777034402742,-0.06393180029184325,-0.113484420910816,-0.26716896859265693,0.40882539862701495,0.30275639692046613,True
grunge,1998,2002,1998_2002,132,-0.5187407108343146,0.3083201604597322,0.02562018896479853,0.26103896523954445,-0.26378947147631127,0.5168629135274317,0.0003221001764654275,True
hard rock,1998,2002,1998_2002,181,-0.3016413815212559,0.6612839295599937,-0.06687850657121995,0.16801886348599923,-0.06269165949223768,0.18338631255730575,-0.15167887159422225,True
hardcore,1998,2002,1998_2002,90,-0.9417271187829205,0.8068654280169287,0.18956244946888517,0.164709939468398,-0.3804279838840072,0.07849543043182199,-0.60695110683141,True
hardcore punk,1998,2002,1998_2002,31,-0.8337258230358364,0.88858632013374,0.04948050333633292,0.027984870631932016,-0.27474651537943506,0.36270671977410124,-0.9173509765871727,True
indie rock,1998,2002,1998_2002,384,-0.24183061409527826,0.023158074694068647,-0.0015144348517426274,0.21293989326821794,0.061119017322750796,0.21644839454476325,-0.20108042585390629,True
industrial,1998,2002,1998_2002,158,-0.03952250683214572,0.3386851517934541,-0.05001582573919915,-0.010532545224240804,-0.38781255530900627,0.15576740275792542,0.22512016702174417,True
jazz,1998,2002,1998_2002,111,0.0675229774339592,-1.316472356046469,-0.12463156584343091,-0.039494011755042954,-0.16641691123676447,-0.03187492582823958,0.2852235320244771,True
latin,1998,2002,1998_2002,189,0.722327544628449,0.2286082987852349,0.01272233602938756,-0.04809144872583243,0.5481167887556021,-0.07531962176997536,-0.039732123968118295,True
metal,1998,2002,1998_2002,223,-0.4888265366191423,0.6682125033222309,-0.11054595915719133,-0.11026632614192676,-0.33404016422905475,0.004791961532768226,0.05457020219604605,True
mpb,1998,2002,1998_2002,143,0.2617765975775188,-0.44022500937291675,0.008303505959370565,0.11122961077940027,0.2814892526761826,-0.030584506567949643,-0.21891417732614055,True
new wave,1998,2002,1998_2002,76,0.4827214059110324,0.257911727153421,-0.12637601961066472,0.13621903196057036,0.5476925801048947,0.16992392585188867,-0.012241597365124089,True
pop,1998,2002,1998_2002,948,0.6377175140775604,0.13248438813191546,-0.021954240090137935,-0.010532545224240806,0.5188597110544976,-0.06591770887448017,-0.13267774656285106,True
pop rock,1998,2002,1998_2002,78,0.265984970457673,0.3198509815327769,-0.198177323781542,0.1788854482775299,0.3874433944542117,-0.017935837286024745,-0.1319947971772192,True
post-hardcore,1998,2002,1998_2002,78,-0.8699575939583603,0.5590112660365578,-0.1437534629073398,0.09914821122616282,-0.3219769444768837,0.22180309989340977,-0.12363399643547272,True
post-punk,1998,2002,1998_2002,67,-0.2724905883796129,0.19548938667270666,-0.24020012580978167,0.02099778486238518,-0.06099256071315469,0.22506770008775398,0.17156325599809258,True
power metal,1998,2002,1998_2002,123,-0.6783010029013874,0.5987009179912347,-0.0252598861422069,-0.26453138215446254,-0.664116796424509,0.23593579041198512,0.46615336957945536,True
progressive metal,1998,2002,1998_2002,113,-0.9173794667844359,0.3707219846650971,0.1663822728943823,-0.025279512668153325,-0.8257182313941225,0.002147468182201004,1.6837297144023695,True
progressive rock,1998,2002,1998_2002,72,-0.4376689477857104,-0.18092702309158548,-0.06907183159662902,-0.2153708904764517,-0.5074495472121588,0.007344033729995114,0.8464616789729249,True
psychedelic rock,1998,2002,1998_2002,30,-0.2415951668163017,-0.36355700355704484,0.27131918269324223,-0.13474768412451388,-0.3097967396418403,-0.30661725206391927,0.3732257927525409,True
punk,1998,2002,1998_2002,276,-0.4439894335231945,0.936076911011359,0.11669231768195822,0.32795941319965094,0.48798765695741386,0.5279585705777552,-0.743023488944553,True
rap,1998,2002,1998_2002,162,1.3456966040120562,0.16215477211064722,0.1112995937327485,-0.23456689198881786,0.6651287013707791,-0.3240128962944829,-0.0660495989565954,True
reggae,1998,2002,1998_2002,93,1.2322870299708628,-0.27675659199157804,0.19554712348903042,-0.28410496040782723,1.268160098755818,0.019265923000770346,-0.2982540455757985,True
rock,1998,2002,1998_2002,371,-0.11293312946379669,0.08261084148657916,-0.05158007768912675,0.10982282786646266,0.0498664899286017,0.027673965011093118,-0.05523011012004026,True
samba,1998,2002,1998_2002,83,0.6603255187914022,-0.30383146653258886,0.012523888598903429,0.03926522597071849,1.075531764456712,-0.4718667816253635,-0.39434367602484,True
shoegaze,1998,2002,1998_2002,32,-0.5296878650517944,0.08802189573041781,0.2306373466897761,0.11576013561186431,-0.3692821488706435,0.112936630592114,0.11580010190488799,True
singer-songwriter,1998,2002,1998_2002,283,0.010816455671113159,-0.7556268758056944,0.009415410087735233,0.060359661282447165,-0.17563360149782983,-0.09389765092880246,-0.04978618875906455,True
soft rock,1998,2002,1998_2002,24,0.016372126114167794,-0.31897597442196163,-0.4975085585896541,0.15895113901468813,-0.03853727379620001,0.1137516951356825,0.03932338490772374,True
soul,1998,2002,1998_2002,271,0.734699595049384,-0.5124713345795091,0.121671639634126,-0.31503426364213133,0.3224057551876294,-0.27093243459099264,0.03850647583741414,True
soundtrack,1998,2002,1998_2002,242,-0.8153887645345881,-1.3399430043277112,-0.07904454182385312,-0.11018949375993307,-0.7019522597852887,-0.377804941628515,-0.35144806419766617,True
synthpop,1998,2002,1998_2002,42,0.49780998360380224,0.3783694813148904,0.03817772915785039,-0.1742366015213814,0.453538975512481,0.14359621106216006,0.33681909487346456,True
thrash metal,1998,2002,1998_2002,69,-0.7294774680676085,1.065756669674141,-0.16631175886389316,0.012477301387720375,-0.5558363906001881,-0.06154483206833841,0.2773017080291925,True
alternative rock,1999,2003,1999_2003,528,-0.20543527642923853,0.18998690003720947,-0.029169206716783146,0.03499806209586929,-0.12902813344948216,0.11022565433624298,-0.12186624550582176,True
ambient,1999,2003,1999_2003,296,-0.5300254900610999,-1.0446368350321664,0.07885882617465212,-0.0931684884731371,-0.8304722487132371,-0.39890033387283325,0.6503480495093207,True
black metal,1999,2003,1999_2003,134,-1.403907927921436,0.6332681819229697,-0.09351862359258024,-0.27538373352401946,-1.1471034648026204,0.03744559839325328,0.8305556338208229,True
blues,1999,2003,1999_2003,102,0.006391975305844469,-0.9373168952547738,-0.194721750623552,0.21272226226838936,0.12555629375162247,-0.260990898290704,-0.06584678497262104,True
bossa nova,1999,2003,1999_2003,40,0.3986746562143344,-0.9761940540152623,0.042046063120315516,-0.4309675196828498,0.053752740002428044,-0.20555825204527395,-0.21642602013431977,True
brazilian rock,1999,2003,1999_2003,36,0.027825909659284775,0.3693484116654873,0.16045303328990598,0.24322888700541492,0.23604012816912384,-0.15434549483593812,-0.2969759810469718,True
classic rock,1999,2003,1999_2003,90,0.09182019041168268,-0.08092031717229074,0.047535127962614415,0.07035801349560344,0.44505107037642794,-0.02882260037109527,-0.34217145324191384,True
country,1999,2003,1999_2003,129,0.24918682586745097,-0.6221216479691115,-0.0011187756893904237,0.5206263351955775,0.18944348740485004,-0.14520112144727199,-0.22838758747218071,True
death metal,1999,2003,1999_2003,157,-1.08431462876451,0.9868325661704196,-0.046822845650407195,-0.0705812973913766,-0.9508153561705567,-0.036948558950639795,-0.09504457656907575,True
disco,1999,2003,1999_2003,48,1.1433167680499994,0.444884677007039,0.15849265298908494,-0.36181917027892513,1.1307569162001465,0.04116919322309994,0.00637397697189374,True
doom metal,1999,2003,1999_2003,117,-0.7605470001398077,-0.076917540718294,-0.0699670512989048,-0.2665185605235163,-0.9623081937091085,-0.02412936712253847,1.0892324240241225,True
dream pop,1999,2003,1999_2003,28,-0.8869854708798613,-0.8795470065627136,-0.07591282012337301,-0.05312118186854759,-0.7039468397951548,-0.06415986963845911,0.2589296475521429,True
easy listening,1999,2003,1999_2003,54,0.05669472069424119,-0.681785221866694,0.008850290026412664,0.3392682611775324,-0.09621645767593574,-0.12263631237110745,-0.21426336708935612,True
electronic,1999,2003,1999_2003,434,0.5896075542062625,0.08351544552909812,0.05124991312251122,-0.19890629639525495,0.10675606436510701,0.11996969824910352,0.22283142796977826,True
experimental,1999,2003,1999_2003,155,-0.5117257683432456,-0.2507144559748455,0.09053701843223709,-0.014404479322110558,-0.6503770664800745,0.009384855847301544,0.2652438459767415,True
folk,1999,2003,1999_2003,102,0.12877103350707775,-1.0811760528512064,0.0986433955699016,0.07035801349560344,-0.17642843653640033,-0.24311977839536866,-0.15404410152467243,True
funk,1999,2003,1999_2003,90,0.856161329122655,0.12677038717222797,-0.06538277736467718,-0.1370870347161703,0.7777029467739193,-0.3608905103645029,0.0022104957875676333,True
gothic rock,1999,2003,1999_2003,38,-0.350656634554415,0.27948568537722124,0.07213274184238992,-0.38456533784600566,-0.46852557351951374,0.35145503612655626,0.05152291526927821,True
grunge,1999,2003,1999_2003,116,-0.5338941846791924,0.2909578070844984,0.042289420674900186,0.22534569319405512,-0.2631028671659306,0.49957781023223724,0.04412928134377629,True
hard rock,1999,2003,1999_2003,216,-0.3096294958404207,0.6719849502336162,-0.03297115639110273,0.11837770058166218,-0.07509356153411861,0.2372330060787887,-0.13981767596659603,True
hardcore,1999,2003,1999_2003,106,-0.8655044439585319,0.8427244155091601,-0.007621836274825719,0.0964517302518014,-0.2757111690147368,0.31664959251761043,-0.43505290240128225,True
hardcore punk,1999,2003,1999_2003,33,-0.9536182314431659,1.023934180362423,-0.06338675378565937,0.19608228513910267,-0.0680051544178295,0.35122983884459386,-0.8796401609689427,True
indie rock,1999,2003,1999_2003,493,-0.16008210231585568,0.03172920223042943,0.013515968632829197,0.2442808395825537,0.07276251562585638,0.20713815873896566,-0.19004608361055575,True
industrial,1999,2003,1999_2003,164,0.00860350621405777,0.38297423441890854,-0.05968333024619261,0.0534925624214755,-0.34503439217626336,0.04424873440112541,0.23627175931754976,True
jazz,1999,2003,1999_2003,145,0.13813046919944488,-1.095167191791456,-0.10810554805843212,-0.05363213026315787,-0.0602680283860072,-0.030197768365044387,0.17803665365407384,True
latin,1999,2003,1999_2003,195,0.7399318620595665,0.19981844012345734,0.06611350127501067,-0.057300477711641935,0.593595309369816,-0.04522534005004437,-0.04797043224861642,True
metal,1999,2003,1999_2003,240,-0.48792327279231124,0.6606053627121912,-0.09439640581682847,-0.18030475309362315,-0.3697708025713613,-0.04189871079354081,0.0068779759772899084,True
mpb,1999,2003,1999_2003,168,0.3383830816668876,-0.4724872250464391,0.036669020009492105,0.10740177210484876,0.3034042264793693,-0.0849219720511887,-0.17881938640245326,True
new wave,1999,2003,1999_2003,70,0.414931920942877,0.11928682044316434,-0.07792921128993179,0.16914136978692426,0.43301990754097036,0.06738368885278619,0.028877155378889224,True
pop,1999,2003,1999_2003,1088,0.6494100059090546,0.10452364938844083,0.003593780102152342,-0.01607742325930228,0.5201069655923283,-0.08376203216910925,-0.1239334881577349,True
pop rock,1999,2003,1999_2003,101,0.2467133404818088,0.2921411987006456,-0.06423372277251276,0.1251289833204942,0.3734857632221603,0.08721619834694914,-0.13456294456697612,True
post-hardcore,1999,2003,1999_2003,99,-0.8098372373761734,0.6364246843776283,-0.1603364704808087,-0.13918243924356194,-0.4130632808318667,0.24771693711025378,-0.1412155730235552,True
post-punk,1999,2003,1999_2003,68,-0.2009160373868577,0.19766052504656034,-0.25976025001549685,0.029682513846236044,0.03751788698635389,0.18176080916608386,0.17158088022310294,True
power metal,1999,2003,1999_2003,102,-0.6683045581014997,0.5923785420189528,-0.03973639037040669,-0.13301948475123357,-0.6035260020153477,0.2120289033850804,0.39228586484020894,True
progressive metal,1999,2003,1999_2003,116,-0.7620627693500203,0.15598720762547752,0.0641916005875214,0.028630561269097233,-0.8173032995772211,-0.10841234317170374,1.4554237164996522,True
progressive rock,1999,2003,1999_2003,103,-0.5010949417367353,-0.09920106679610348,0.02539615353625493,-0.2854538814954648,-0.5750499496198608,0.12301108290160763,0.7104644926629199,True
psychedelic rock,1999,2003,1999_2003,33,-0.2520631779549964,-0.30429155009057846,0.27023433013588394,-0.24395266561314463,-0.1530331955347488,-0.1305406514076243,0.26792435410751003,True
punk,1999,2003,1999_2003,334,-0.3908758849306264,0.9167489729568152,0.09837823669863874,0.302232718083614,0.4378691569449625,0.5367714889314329,-0.5896932419679681,True
rap,1999,2003,1999_2003,170,1.331698264725249,0.1476072414307277,0.07982374468201968,-0.21437048404996834,0.7216634477421089,-0.3063789549695194,-0.028093769378536686,True
reggae,1999,2003,1999_2003,90,1.268659896689046,-0.19293175208417732,0.15417981632727867,-0.1831859343187867,1.2130878624431911,-0.08537448250335603,-0.11227975379694798,True
rock,1999,2003,1999_2003,400,-0.1117427192828419,0.08965531428499064,-0.036996470608788586,0.09283122705187892,0.034508146970369344,0.05445499335013152,-0.14694937676233022,True
samba,1999,2003,1999_2003,90,0.6527149444472169,-0.2867056022108964,0.0475351279626144,0.07035801349560344,1.1363674917830489,-0.35973129900897743,-0.33011852110249584,True
shoegaze,1999,2003,1999_2003,50,-0.7839868919625803,-0.1029419921115993,0.006759217705536886,0.09801735325717327,-0.6007585181021556,0.047802920886084094,0.18638769450565548,True
singer-songwriter,1999,2003,1999_2003,299,0.01732043609542998,-0.7481299405110604,-0.07689066868240653,0.12354905149862236,-0.18085969799092452,-0.09250256147049767,-0.009378848328335486,True
soft rock,1999,2003,1999_2003,27,-0.0206736928794419,-0.4090758643017545,-0.3466320045224682,0.07035801349560344,-0.12706045526173998,0.15963040220165617,-0.04475442601905312,True
soul,1999,2003,1999_2003,274,0.7509223868502156,-0.4903130996121477,0.1751058028376486,-0.24509978487996492,0.3285925974797587,-0.2975878575455983,-0.012999128781727142,True
soundtrack,1999,2003,1999_2003,281,-0.7845595804338021,-1.3059208953323491,-0.07099741816930624,-0.1609567496349628,-0.6723447613459558,-0.39224279255674943,-0.36431607329408405,True
synthpop,1999,2003,1999_2003,58,0.5655568365082754,0.36071301382588156,0.025254391853972564,-0.31115012114673907,0.4790331600106559,0.284957026742518,0.17930405531696803,True
thrash metal,1999,2003,1999_2003,82,-0.7790464769542738,0.9894893657319334,-0.15435535452974497,0.0028962091990916584,-0.6376675838317236,0.028645497016219826,0.3798057124974049,True
alternative rock,2000,2004,2000_2004,518,-0.20330241515166683,0.21599698484167426,-0.0022747793018622004,0.04042713635653244,-0.1294249672945221,0.2032921787519838,-0.08677864271464004,True
ambient,2000,2004,2000_2004,297,-0.6109841822160095,-1.018818918752351,0.008522038920826945,-0.11194308674397306,-0.8855399147098941,-0.41840034105215784,0.6964936889392532,True
black metal,2000,2004,2000_2004,147,-1.3720138950596052,0.7204974582938385,-0.021069959340951627,-0.21929000055233291,-1.1205053297993735,-0.016577156880503853,0.7718537374272715,True
blues,2000,2004,2000_2004,106,0.019201974782985364,-0.8990328918596573,-0.12765222742616328,0.13499013266093318,0.15190447619405073,-0.2521745041306059,-0.06089719353752108,True
bossa nova,2000,2004,2000_2004,48,0.5556270861408871,-1.0578182257714757,-0.05072623530387258,-0.297380626176958,0.1870594073952148,-0.25452563108952075,-0.21733075842996982,True
brazilian rock,2000,2004,2000_2004,40,0.011576155453757033,0.24584081987756212,0.03046232261567055,0.3647225883886832,0.3023865831600833,-0.13615949875049654,-0.2352436674452742,True
classic rock,2000,2004,2000_2004,100,0.029922805430514666,-0.12711770360057656,-0.016132849755545516,0.1170787886550408,0.39410732474455556,0.002337589544701324,-0.28148885810432345,True
country,2000,2004,2000_2004,133,0.28865950508636345,-0.696395104917708,0.032214020825114764,0.4981647361148314,0.2315426917492675,-0.22264490481761462,-0.21258958486657598,True
death metal,2000,2004,2000_2004,181,-0.9857217455516184,0.9552057575560007,0.011779008062001958,-0.08906301149156393,-0.9107245502984325,-0.13324242074912815,-0.041854948385742996,True
disco,2000,2004,2000_2004,56,1.0844536805331517,0.3424349758282288,0.3148744137127037,-0.5123492023346337,1.0617312612187493,0.022602484685426756,0.003120567405543431,True
doom metal,2000,2004,2000_2004,103,-0.8585067042036155,-0.14093211581327178,-0.015940930834334264,-0.24436895788176416,-0.9911337026539025,-0.049828406718706544,1.3899094731915038,True
dream pop,2000,2004,2000_2004,30,-0.8981000171885322,-0.7637230376720969,-0.00013046732502685804,0.020772866536402097,-0.641708614083521,-0.10933530332275468,0.33674173666834206,True
easy listening,2000,2004,2000_2004,51,0.04937104885112407,-0.6660067443448929,0.062439401693956086,0.3728155230205016,-0.08448037899102541,-0.24461156001357318,-0.27551021468867654,True
electronic,2000,2004,2000_2004,456,0.6186172010033816,0.0825514588024033,0.04371506967500101,-0.1865020974219463,0.1215064637444097,0.06416299330354432,0.2187888939530503,True
experimental,2000,2004,2000_2004,196,-0.4523104487130672,-0.4031453401557418,0.02167349913192232,-0.0016891561151754543,-0.6359778582233687,-0.07418640010292334,0.15899482625032524,True
folk,2000,2004,2000_2004,116,0.11502756918283806,-1.1351413412490456,0.020481120592578294,0.15479465470642886,-0.17367846896044703,-0.2152166489150379,-0.23398765872355445,True
funk,2000,2004,2000_2004,72,0.9739113666503822,0.03549817623603617,0.01006712932187228,-0.22572443412439938,0.8050594404745328,-0.3580003401905803,0.09593616329236528,True
glam rock,2000,2004,2000_2004,20,0.5278788480345159,0.48954908782003914,-0.16015429163021336,0.055167838721630204,0.4606969100695464,0.189533387942573,-0.14385331914031424,True
gothic rock,2000,2004,2000_2004,43,-0.30194393258806324,0.31527168783587434,0.014536558979278868,-0.47035534094569237,-0.4231807296554107,0.42289727338535615,0.04532345846345338,True
grunge,2000,2004,2000_2004,85,-0.48821102749647427,0.2746427104115089,-0.0006841829800620973,0.17049215722504213,-0.20728692927011866,0.40646570888449784,-0.0022949143406975564,True
hard rock,2000,2004,2000_2004,271,-0.3244786739957508,0.71637958919373,-0.03177398891001165,0.15302216918218695,-0.09787894869214436,0.22077886165103047,-0.09994493566069487,True
hardcore,2000,2004,2000_2004,150,-0.8071523729491612,0.8694807124306834,0.011165332037692178,-0.061775066708145386,-0.3027033146551224,0.2692322649751336,-0.3591292362107808,True
hardcore punk,2000,2004,2000_2004,31,-0.880624387450976,1.0068212880493075,-0.012580138665658063,0.04518220163559624,-0.022140641499395094,0.3350040687489223,-0.8340569003956183,True
indie rock,2000,2004,2000_2004,601,-0.06498766038523345,0.06201206535633725,-0.01298938479146105,0.20745572721562688,0.13335717186859594,0.17532844512687393,-0.20959021252582136,True
industrial,2000,2004,2000_2004,151,0.028366156624642654,0.4480357358625218,-0.07562281295556089,-0.001549698193083707,-0.2748841749960142,0.017342520382011343,0.2545555567027649,True
jazz,2000,2004,2000_2004,147,0.14380476176258186,-1.101143555827971,-0.06333315423547868,-0.008708538193793434,-0.06740662592714292,-0.0451840612164583,0.12348825756351257,True
latin,2000,2004,2000_2004,209,0.7622158093373543,0.10318793424314592,0.06927474327286011,-0.012470120934488245,0.5891010766708038,-0.01810329099054434,-0.052123751897929116,True
metal,2000,2004,2000_2004,278,-0.5337315567821236,0.6645996451438383,-0.03967930921847964,-0.24696353565364695,-0.44404493168386144,0.01699900736618351,0.10066317122271683,True
mpb,2000,2004,2000_2004,161,0.38202614414869623,-0.5052811004628499,0.04716923083459896,0.11092614766786955,0.39767302542581073,-0.16105437539900383,-0.2033708910481389,True
new wave,2000,2004,2000_2004,77,0.46220502251330353,0.13623954672527916,-0.14034996807219943,0.18783416000751008,0.4770613345419444,0.07639078863691058,0.05690752034282726,True
pop,2000,2004,2000_2004,1077,0.6838207763124652,0.0816945872184213,0.009335139847539467,-0.023490301011161663,0.5210788890515647,-0.09728827356361523,-0.1238219188096535,True
pop rock,2000,2004,2000_2004,159,0.16028725909029862,0.32352335454792147,-0.05216929143315078,0.1155212804806154,0.24482236263328655,0.2010195871258829,-0.203816665400016,True
post-hardcore,2000,2004,2000_2004,119,-0.7752279503786816,0.6621694095509411,-0.17724037469987242,-0.2283739067717209,-0.32760778182331135,0.31902555682313866,-0.14712479946447013,True
post-punk,2000,2004,2000_2004,89,-0.18157389512983113,0.3435702557392657,-0.17348079649634257,-0.03410450481531017,0.07380017209669887,0.28855470083563767,0.13740878063228915,True
power metal,2000,2004,2000_2004,136,-0.6214596361923651,0.5300601490407961,-0.04138228362515279,-0.20886415364144442,-0.6068031492566485,0.19755868339408403,0.5323187792130764,True
progressive metal,2000,2004,2000_2004,116,-0.7829714351495809,0.1367211989635913,-0.025773230246141938,-0.02311037383785446,-0.7916031023227826,-0.0940695866682075,1.2647371102131584,True
progressive rock,2000,2004,2000_2004,128,-0.5068977119274198,-0.16544529975064073,-0.004395808230220247,-0.23826426773359713,-0.6293376804629721,0.06979129547993694,0.5673029543401571,True
psychedelic rock,2000,2004,2000_2004,47,-0.5138327794635015,-0.1933775281587771,0.11863565008795886,-0.10070724799014828,-0.16172524512183925,-0.009350046895575472,0.28937495993906504,True
punk,2000,2004,2000_2004,409,-0.33700335737241105,0.8640311647108767,0.04270058934575584,0.3183019902316027,0.44008934918521597,0.5459809564052527,-0.5388818415590113,True
rap,2000,2004,2000_2004,198,1.2568481415876693,0.15521516297595833,0.08173555330882078,-0.18142787903736318,0.7254703494879958,-0.35696602935940286,-0.0014453840834389277,True
reggae,2000,2004,2000_2004,89,1.334651196751216,-0.23705730196146457,0.19141159864767157,-0.15004261330484314,1.279063440634958,-0.018289063102643645,-0.08593889989540648,True
rock,2000,2004,2000_2004,435,-0.06991149021712946,0.1067968934153772,0.01512535365335806,0.12277174956845788,0.04879815415489428,0.14323549343214043,-0.10863118892723683,True
samba,2000,2004,2000_2004,74,0.7256580636849301,-0.28832715640870943,0.09094827528428437,0.0523790571930982,1.0828142342055624,-0.34617946303892044,-0.23058472112888376,True
shoegaze,2000,2004,2000_2004,64,-0.7821910851328052,0.005831370516637636,-0.011014440669313442,0.22929238540934752,-0.633494299564179,-0.05666922171960211,0.32774153928755745,True
singer-songwriter,2000,2004,2000_2004,391,0.07954829235240872,-0.8194992053647245,-0.06322997740534789,0.1335461512971756,-0.13560199493859368,-0.14823523747570475,-0.04496730998251108,True
soft rock,2000,2004,2000_2004,30,0.07011614021629865,-0.5401149762398564,-0.30135178366420146,0.22714269964777076,-0.15805288884813617,0.04373069883820905,0.05227388213211671,True
soul,2000,2004,2000_2004,270,0.7787463808945166,-0.5019069205968877,0.11491934099896342,-0.2926035467067874,0.390049904114429,-0.3501275092188987,-0.033294038567435874,True
soundtrack,2000,2004,2000_2004,311,-0.822507729875496,-1.3869874212940814,-0.09731913761894664,-0.1382624067830771,-0.6997215374655006,-0.4558251180919138,-0.40098535381832223,True
synthpop,2000,2004,2000_2004,60,0.6243200252062739,0.31906107616652635,0.23049210299715367,-0.2543869109454228,0.5315327539479048,0.35897694443423955,0.30535321781157276,True
thrash metal,2000,2004,2000_2004,87,-0.6890424643885404,0.9718091040538968,-0.025773230246141938,0.018400799489144977,-0.5222253574539913,-0.02728352292992507,0.2552910540333917,True
alternative rock,2001,2005,2001_2005,551,-0.1984225562669109,0.20967344667403914,-0.03555694845476256,0.01539650639998601,-0.16425323376425718,0.21364113202539742,-0.09995452308476671,True
ambient,2001,2005,2001_2005,370,-0.6963085069707917,-1.0894146757389296,-0.018191719281154393,-0.08328270643134597,-0.9294311539373679,-0.41866848573676896,0.5917030688168724,True
black metal,2001,2005,2001_2005,157,-1.3780679267855511,0.6870843256240095,-0.0181527959460495,-0.17078680519203843,-1.1463118588335175,-0.07847919334569012,0.8397741313992231,True
blues,2001,2005,2001_2005,111,0.04620586315440602,-0.8825760192235803,-0.15008668389536736,0.255241815365029,0.2350543236746241,-0.28981342261117143,-0.07187194906101256,True
bossa nova,2001,2005,2001_2005,53,0.6582239088927885,-1.1739270912964161,0.0021589425570406142,-0.3146978730004209,0.13738295040577916,-0.24906397320328982,-0.15479893590012753,True
brazilian rock,2001,2005,2001_2005,49,-0.024215382859894833,0.3005420527613286,0.1603980744254594,0.10188466487642676,0.32247002572276146,-0.03162783693122911,-0.18907893559823497,True
classic rock,2001,2005,2001_2005,100,0.08656828296997525,-0.20534046244622225,-0.03698293238642257,0.19795305013795017,0.3171923977989491,-0.05004591252885564,-0.26556206787135556,True
country,2001,2005,2001_2005,147,0.32058075262534563,-0.47881381053414235,0.006584704612966143,0.5091921462483828,0.2227233839286718,-0.1780281800995064,-0.20680269823894165,True
death metal,2001,2005,2001_2005,202,-0.9930681827401445,0.9747388349285265,0.08133076854474271,-0.06206737354540189,-0.9007549309864749,-0.10300183974485927,-0.006682696009666419,True
disco,2001,2005,2001_2005,53,1.122255759421983,0.3546362449236516,0.32745245366756587,-0.5094740596031455,1.1624681479262655,-0.04365518593801599,0.0027637803246135973,True
doom metal,2001,2005,2001_2005,119,-0.8641419927335225,-0.18155906487795723,0.0005905071129204467,-0.2128904880702573,-0.9843992867040976,-0.12262514861761098,1.5379517816669932,True
dream pop,2001,2005,2001_2005,26,-0.9682527828908375,-0.6780071093119477,-0.03393920243378688,0.22018750097783044,-0.5625738885296874,0.09061872213833927,0.2488775684313058,True
easy listening,2001,2005,2001_2005,58,0.09954440461831175,-0.7300303503791931,0.0275351463632885,0.277690391080969,-0.011136062820829278,-0.21409508188645648,-0.1697279070829606,True
electronic,2001,2005,2001_2005,556,0.6929242230442687,0.07968087085998227,0.08739551034921063,-0.18942455586169013,0.2245125479231405,0.05158755084009831,0.17425535470597137,True
experimental,2001,2005,2001_2005,229,-0.42422982961508754,-0.43669627962188146,0.06498676795443466,-0.08947195940914812,-0.6175473333238013,-0.08035767356336275,0.10044733032494338,True
folk,2001,2005,2001_2005,150,0.03511625238205544,-1.0856285257565739,0.025196122360277826,0.22548141784446854,-0.10269645728803618,-0.2187841562722151,-0.31054854538255816,True
funk,2001,2005,2001_2005,70,0.9498639520091973,0.2341950160459588,-0.1355003957513245,-0.07929693890627092,0.8760238395100742,-0.303795093309,0.08230448316329016,True
glam rock,2001,2005,2001_2005,23,0.5422418361667359,0.4578681797043013,-0.07458528565221371,0.14768385693474267,0.49796110615973993,0.08679717760305299,-0.10270227130463588,True
gothic rock,2001,2005,2001_2005,59,-0.30642849273466466,0.37643845369209333,0.07808185151309542,-0.518717675238529,-0.5074924554300257,0.2031377930542916,0.12648943700358,True
grunge,2001,2005,2001_2005,91,-0.33648935980120775,0.28593575943241645,-0.01840996798156402,0.20884339340646296,-0.22634824600704812,0.2687821621782977,-0.007176419885116417,True
hard rock,2001,2005,2001_2005,324,-0.3134817039417133,0.7015064797050742,-0.058162890989816037,0.13881803802765139,-0.14124264083299468,0.19856337185445466,-0.02839704490753793,True
hardcore,2001,2005,2001_2005,181,-0.8696976484769323,0.9263487232868104,-0.05700140254846926,-0.09086667513651642,-0.31839596725797326,0.300525467841934,-0.32369797642683157,True
hardcore punk,2001,2005,2001_2005,34,-0.8218002713946837,0.9990624368192348,0.008903214966757382,0.1080810261549048,-0.0014249665056607973,0.2707160080137384,-0.8244776069397242,True
indie rock,2001,2005,2001_2005,776,-0.07751958385071739,0.17427012281888707,-0.015392173451415546,0.1561283780683816,0.16663072675215998,0.23344759879224433,-0.19858805908888613,True
industrial,2001,2005,2001_2005,158,0.03540291750000801,0.4351944527575158,-0.0043550279393623,-0.021054280286693094,-0.24561199675175618,0.05757582408904823,0.3214595466862607,True
jazz,2001,2005,2001_2005,134,0.17314061376866488,-1.0689338412816176,-0.019012594990157734,-0.025149989632788552,-0.03177659895733093,-0.10812923102443484,0.11635501469641318,True
latin,2001,2005,2001_2005,235,0.8435077020712977,0.0632378902392832,0.03914732226475992,0.002911636387511251,0.630426273383689,-0.03411976249856376,-0.09107434479140515,True
metal,2001,2005,2001_2005,307,-0.5213173063861752,0.6698562139605674,-0.06049571086185533,-0.1991010612772404,-0.4315725447936818,0.06978755195335515,0.05544890190530296,True
mpb,2001,2005,2001_2005,178,0.3477363918187288,-0.5640176157822869,0.10090340863000906,0.06850786041684957,0.26756456978341026,-0.1341541493423831,-0.14656406165783875,True
new wave,2001,2005,2001_2005,95,0.47778290662276046,0.14300572294777522,-0.2508907810126311,0.14579403764138898,0.5000721927402784,0.07341764655348593,0.07393360595985912,True
pop,2001,2005,2001_2005,1150,0.6505979663992169,0.07829323093020832,0.02322998624180508,-0.02107700596173975,0.49287466819895953,-0.09086986380433759,-0.14643279753793698,True
pop rock,2001,2005,2001_2005,210,0.1638474294961328,0.35997552875243316,-0.021101701953282637,0.11733425899743198,0.3161530943928681,0.29622815521522,-0.2409320237651754,True
post-hardcore,2001,2005,2001_2005,153,-0.7481532472198181,0.6959881737738027,-0.16381638155185482,-0.2630121659672796,-0.3392998063558548,0.3066663992746884,-0.18467626877618293,True
post-punk,2001,2005,2001_2005,115,-0.07563659277129803,0.37858225241723875,-0.1139080080216685,-0.10366210908129497,0.2689997291127747,0.30329942837049256,0.08268208596429445,True
power metal,2001,2005,2001_2005,137,-0.6376634797823165,0.48749341719927,0.02255547239094216,-0.20351905699798978,-0.6026107770185828,0.17110699428054257,0.5064232205968122,True
progressive metal,2001,2005,2001_2005,159,-0.7850096993287865,0.18521706782200711,-0.03694738118302251,-0.1329067655045446,-0.8071738908600968,-0.06857238695468487,1.2654340612535042,True
progressive rock,2001,2005,2001_2005,135,-0.517518085573299,-0.09285703459442345,0.024358694013520914,-0.29449886105643464,-0.5963353195257849,0.1296853591411606,0.6818411390501329,True
psychedelic rock,2001,2005,2001_2005,48,-0.5435565109662438,-0.21172689516468776,0.1304765673291228,-0.08421271885386349,-0.22592908799820152,-0.014330857360776203,0.4199265470162296,True
punk,2001,2005,2001_2005,398,-0.3117431553929406,0.854333171423308,0.07410993335791058,0.32473570844460403,0.43276143785469634,0.4926246517896732,-0.5193482528986991,True
rap,2001,2005,2001_2005,215,1.2451210441354559,0.17509675037814293,0.055957007795220504,-0.1266256109598366,0.7430297907250325,-0.35081842998435464,-0.04926059571024981,True
reggae,2001,2005,2001_2005,98,1.3529393391959503,-0.24496516787750233,0.24115009357701836,-0.2773326453664288,1.1629609671036076,-0.14241440678778539,-0.007986038044329812,True
rock,2001,2005,2001_2005,483,-0.03436448228547636,0.09982020469086467,-0.03245379739922644,0.11776171812330959,0.07799649502594662,0.11623409833703505,-0.12766597871506022,True
samba,2001,2005,2001_2005,80,0.6898337780388758,-0.2592538363253614,0.1870029807352141,0.05342911967872854,1.1548121657362151,-0.441394891604227,-0.2597911283171445,True
shoegaze,2001,2005,2001_2005,69,-0.9164777017944459,-0.012776982632290948,-0.06639305182524398,0.26737241218047486,-0.8182707514113722,-0.02097001351651078,0.3242200596330438,True
singer-songwriter,2001,2005,2001_2005,510,0.12230454790619888,-0.8481910281666116,-0.05981516995829474,0.15261220920956692,-0.1182562046882739,-0.14790234442227018,-0.04503048889573821,True
soft rock,2001,2005,2001_2005,36,0.14565842169226026,-0.5687415360331003,-0.3739431634127333,0.2025411114223699,0.0250540719889308,-0.09326316818375699,-0.051779172734604514,True
soul,2001,2005,2001_2005,306,0.6898633126070572,-0.49674558007309916,0.11142661183074647,-0.24277071912425136,0.42584885329851846,-0.3227655590303412,-0.06096941765184326,True
soundtrack,2001,2005,2001_2005,333,-0.7742213110777522,-1.4106074879146007,-0.12717057035235738,-0.0733625739244925,-0.651756932319325,-0.48566856734950065,-0.41285559522996845,True
synthpop,2001,2005,2001_2005,63,0.6422811810844227,0.28069323553648806,0.16103896346634478,-0.2726509501782454,0.48874112749283444,0.3177763213873075,0.3203647370741353,True
thrash metal,2001,2005,2001_2005,95,-0.6630810578592923,0.943249548679891,-0.024785127388266038,-0.04980225922071549,-0.46872237733682387,0.0513182220687951,0.26970855826958723,True
alternative rock,2002,2006,2002_2006,602,-0.19317593635637162,0.3116572736687186,0.004301333095013503,-0.015971746421002662,-0.1420570147231747,0.24466488339231923,-0.10501965956158006,True
ambient,2002,2006,2002_2006,393,-0.7572410353809185,-1.118623556832502,-0.041347389942708576,-0.08534192917773328,-0.9898230692710634,-0.411223488871763,0.5638042344013816,True
black metal,2002,2006,2002_2006,171,-1.3158364372549247,0.6161873196033166,0.011984370925299997,-0.1668798762321313,-1.01288537392596,-0.10171836538176184,0.9796169053447823,True
blues,2002,2006,2002_2006,129,0.1195424276271581,-0.8767993593170178,-0.08272284388456762,0.1778643853220828,0.2371361503723218,-0.246960267824498,-0.07415179270968876,True
bossa nova,2002,2006,2002_2006,74,0.7199988207292627,-1.176649613199917,-0.012521623918264724,-0.2173271176148533,0.13619654540723442,-0.22137675831440037,-0.24000164656397496,True
brazilian rock,2002,2006,2002_2006,53,-0.05705578872363239,0.2844515507465035,-0.06295440342438431,0.16280497442084416,0.3889465101377378,0.04066059673736097,-0.16685610766377543,True
classic rock,2002,2006,2002_2006,101,0.05957510164679303,-0.22546332570154523,0.005939504405630435,0.2951369384116094,0.31048322359075103,-0.08905770839593048,-0.2654612027866199,True
country,2002,2006,2002_2006,180,0.3074463538333331,-0.4341985740143862,-0.0720049649962386,0.5556548067978219,0.23647902114065872,-0.140395225997296,-0.2208759955305027,True
death metal,2002,2006,2002_2006,242,-0.9993979717885779,0.9967153075187166,0.06301427805455968,0.027139595471297573,-0.8866720009232323,-0.053223284644861805,-0.042239219620482944,True
disco,2002,2006,2002_2006,48,1.1221419263647834,0.28237400430759624,0.27011957206922327,-0.4596569509182269,1.1917667259930207,-0.09437163958066686,0.08307526201807729,True
doom metal,2002,2006,2002_2006,142,-1.0559655301339999,-0.06591832928815909,0.017015968708031435,-0.17264658496992905,-0.9427066647251235,-0.16531653682913708,1.7022863418893863,True
dream pop,2002,2006,2002_2006,28,-0.6201868750798465,-0.7433019271915535,0.07109277952009593,0.12256407714832017,-0.4158105365626429,-0.13709116777800165,0.34511998427044166,True
easy listening,2002,2006,2002_2006,54,0.12581300047867133,-0.9036740666976305,0.030410322158905396,0.28871838223397805,-0.07888631655528229,-0.22641900457782296,-0.19216955475060818,True
electronic,2002,2006,2002_2006,553,0.768466626262388,0.0812886921622875,0.06152571690757582,-0.21722647620697313,0.3044889258708094,0.03681624686087179,0.1774058115322934,True
experimental,2002,2006,2002_2006,253,-0.3943195745145701,-0.3719117998057531,0.013536624972942526,-0.12713570888496328,-0.5830757074354672,-0.14256490863620333,0.20890740961262805,True
folk,2002,2006,2002_2006,169,0.05604940398847624,-1.0928018927575707,0.03167799115219149,0.24832817090944037,-0.141837034087996,-0.24420002791530632,-0.2787340226427983,True
funk,2002,2006,2002_2006,102,0.8282144360379745,0.4032840691355382,-0.07255822885241882,-0.043269776047105,0.7879023081702052,-0.3251785700375302,-0.007426825141125918,True
glam rock,2002,2006,2002_2006,27,0.6848168609360066,0.43513892005705007,-0.04796872413329662,0.17431705742090212,0.7152891491041729,0.09037326683920222,-0.1424797286211367,True
gothic rock,2002,2006,2002_2006,72,-0.358837554863152,0.3656874191836532,0.13099676490056464,-0.6169587725362063,-0.5112836645841706,0.15158058185428458,0.10859739392178909,True
grunge,2002,2006,2002_2006,88,-0.44827944007455667,0.32057921128421146,-0.004028955757365199,0.17605041082716086,-0.2450958170039916,0.30314396040709174,0.046693788622438136,True
hard rock,2002,2006,2002_2006,364,-0.3720836240288029,0.6643324082134302,-0.09712071213778377,0.06599199344954636,-0.17463178152852046,0.2186270296703816,-0.04590303696499208,True
hardcore,2002,2006,2002_2006,238,-0.840428689146393,0.9705422625435277,-0.02790193188929869,-0.11537145134946378,-0.32419476146203197,0.30450164087506687,-0.33358155339401135,True
hardcore punk,2002,2006,2002_2006,25,-0.5656872162823042,0.8760072070617394,-0.00992876033281457,0.04313687163524174,0.035188617389135916,0.24362593454754358,-0.7567031924700516,True
indie rock,2002,2006,2002_2006,841,-0.10934705011579128,0.22039150496859122,0.04572576798611728,0.14049090271992923,0.1650973097114422,0.23773454670391717,-0.19144158797106,True
industrial,2002,2006,2002_2006,132,0.07402431344840665,0.5530619601206364,0.0451360823713797,-0.13595320229940983,-0.2317155062075106,0.05780432667485579,0.25940600590754936,True
jazz,2002,2006,2002_2006,160,0.2830609902064661,-0.9474163061939024,-0.004990880416405864,-0.026361933188701874,-0.025053697192645198,-0.17698431174210544,0.025178543344636446,True
latin,2002,2006,2002_2006,257,0.8119399052886302,-0.024941210641015933,-0.0003110109014103748,0.0392908504430823,0.6408151526083001,-0.026348193494994215,-0.11254407253989092,True
metal,2002,2006,2002_2006,306,-0.5538949123721195,0.6139829356095412,-0.06057084530184676,-0.23169548750393595,-0.4846257052223837,0.09331903123316719,0.1085718509398502,True
mpb,2002,2006,2002_2006,198,0.36739603701239415,-0.711643161325078,0.11638976081883609,0.056449025795308756,0.21041247326414889,-0.14477548239322213,-0.22467686146923377,True
new wave,2002,2006,2002_2006,81,0.5982992514254698,0.156202011470222,-0.31968275127959694,0.14889454079577413,0.7145307160284302,0.026748436511442483,0.07926020626434425,True
pop,2002,2006,2002_2006,1204,0.6416766523657637,0.03683552132801605,0.03757987833137038,0.021655267387949217,0.4907256341277364,-0.05036839529703009,-0.1557451409798534,True
pop rock,2002,2006,2002_2006,230,0.15883114201120668,0.30992660231568697,0.023685627172675878,0.19354974391121635,0.3055111628784072,0.2914138345888266,-0.22757965228147517,True
post-hardcore,2002,2006,2002_2006,176,-0.7296626895468447,0.737845101608385,-0.20442992639083626,-0.35045568632392715,-0.3601083145893955,0.28250573824034714,-0.21712446047809875,True
post-punk,2002,2006,2002_2006,118,0.03051759231727579,0.3738645612113925,0.019339835394470074,-0.08809502096389348,0.3172448815811586,0.289370979890768,0.026375961284134542,True
power metal,2002,2006,2002_2006,127,-0.5959370875648113,0.5655072950922113,0.019754063371671623,-0.25326164739227397,-0.5986560187044146,0.1564110639170546,0.5383124804412583,True
progressive metal,2002,2006,2002_2006,183,-0.7188747963387306,0.2276271299797305,-0.12797531346326024,-0.1720126362755135,-0.7221239925694732,0.02276155113833932,1.0069281965589512,True
progressive rock,2002,2006,2002_2006,161,-0.5008873698269246,-0.11879083892210207,0.06627319841268726,-0.22596915155238628,-0.5536527732616955,0.06682551418343066,0.6562842355290732,True
psychedelic rock,2002,2006,2002_2006,58,-0.5725553436085069,-0.15120323894675486,-0.0029232952297322534,0.0033725490795243228,-0.2624985317914644,-0.07102678300787092,0.43286036353885454,True
punk,2002,2006,2002_2006,394,-0.2865555438201924,0.8087332589155982,0.06735854939580468,0.26703826653336127,0.395671518797151,0.512219155509189,-0.48648448036874886,True
rap,2002,2006,2002_2006,215,1.2231213459040269,0.15437124860656784,0.025768338331987377,-0.10627657956248716,0.7653523978846691,-0.40162149410724846,-0.05943833426204044,True
reggae,2002,2006,2002_2006,106,1.31409587402407,-0.22248906152032494,0.038198931790457545,-0.28400774701890513,1.0762036802861303,-0.2657623200488378,0.07190715638187904,True
rock,2002,2006,2002_2006,513,-0.020932004534545988,0.13320327593877826,0.013634456110398988,0.06593685496640915,0.08856785266498592,0.13783245609638753,-0.1058066121110338,True
samba,2002,2006,2002_2006,80,0.7239160277298902,-0.24973046742482774,0.1643078595747505,-0.09071267839605708,1.2689403695061403,-0.48921238090471675,-0.2952534308056635,True
shoegaze,2002,2006,2002_2006,93,-0.7982684164674254,-0.1363237398071744,-0.06381309048053749,0.3194714265385683,-0.7133080382113588,-0.004855283644827182,0.2750731539394894,True
singer-songwriter,2002,2006,2002_2006,587,0.11813571525668451,-0.9569636798580775,-0.10358624613598581,0.18107329693286117,-0.1327046891840857,-0.16529514112231725,-0.07272841799269553,True
soft rock,2002,2006,2002_2006,37,0.17487700735521844,-0.471520528858577,-0.2069863928270254,0.2835651694045602,0.09687096517812763,-0.08717782612025382,-0.025408502761481103,True
soul,2002,2006,2002_2006,326,0.6535818237449212,-0.4912244501057894,0.06336478415824431,-0.1125050780000203,0.41604429102397456,-0.36304739849612694,-0.10392660465147795,True
soundtrack,2002,2006,2002_2006,298,-0.6136080768204737,-1.3006208704531266,-0.10306200454718897,-0.10004137703014347,-0.5786341851000053,-0.4944559014056577,-0.4299461067011828,True
synthpop,2002,2006,2002_2006,90,0.4441620523991361,0.21632165291291322,0.0753476420331012,-0.26803473185632476,0.2976816154190221,0.19330961294736146,0.2928390180160671,True
thrash metal,2002,2006,2002_2006,101,-0.5679901237615071,0.9595385040763715,-0.03596612430505184,-0.031076740263300175,-0.5179035762992638,-0.042725785427106706,0.22203407666825914,True
alternative rock,2003,2007,2003_2007,656,-0.16674809921653547,0.3141981290255949,-0.027540732893861983,0.012088382164344642,-0.08279498374499109,0.2695577380284789,-0.11297508934204702,True
ambient,2003,2007,2003_2007,419,-0.9036196351639539,-1.2329832450898757,-0.07623074494188428,-0.039917360639585134,-1.0889863857309947,-0.4214151731915313,0.712328969897909,True
black metal,2003,2007,2003_2007,201,-1.3250157784208114,0.571573874544357,0.056566854378647724,-0.13125231803911855,-1.0073665302201114,-0.10848072004700005,1.0544398349696924,True
blues,2003,2007,2003_2007,114,0.21662263675859553,-0.8327714117085122,0.02127571279239863,0.2122505939596163,0.3531338480844355,-0.04714772535998,-0.07995985740250539,True
bossa nova,2003,2007,2003_2007,80,0.7071033709801411,-1.2451875070009255,0.0036966593342010598,-0.08445139229383637,0.15169917558540402,-0.2901559080491006,-0.2826704334494759,True
brazilian rock,2003,2007,2003_2007,58,0.03581603950211555,0.20639257961758936,-0.07562679170033691,0.11584810392862338,0.3049221421824957,0.11071341374545775,-0.1468168063072163,True
classic rock,2003,2007,2003_2007,92,0.09003136168072841,-0.24584380411262974,0.07057887558391421,0.3200780635244365,0.29767436443853734,-0.007125895877913105,-0.14286300502986804,True
country,2003,2007,2003_2007,174,0.22425944907822967,-0.48863153517965724,0.04603494301521214,0.5767142014316282,0.18969190592426086,-0.048115881698359876,-0.21675432370527872,True
death metal,2003,2007,2003_2007,229,-1.021608557295992,1.0159247609959499,0.008441998262058206,0.1160029128293634,-0.8731050178616515,-0.0931143223947163,-0.08395867164928776,True
disco,2003,2007,2003_2007,64,1.1832874296475728,0.27657492159030345,0.2577263614202675,-0.46355807153789463,1.2676510096213023,-0.1377963750402663,0.09866294793059804,True
doom metal,2003,2007,2003_2007,173,-1.1518890784566052,-0.08249469771088495,0.10884896697355227,-0.1495238819612793,-0.9484753183618329,-0.17658683049129537,1.4945710531576555,True
dream pop,2003,2007,2003_2007,52,-0.8269536049116704,-1.061545484462255,-0.029956848207115434,-0.08049721571762716,-0.6659187494456519,-0.2610582717188293,0.21737242766371306,True
easy listening,2003,2007,2003_2007,60,0.08824034555467455,-0.9855551572446312,-0.029233116862140873,0.20683961548690896,-0.11316218603970322,-0.18243773499921487,-0.1972927606986665,True
electronic,2003,2007,2003_2007,682,0.7777427144573165,0.10177445744987171,0.05224290249923135,-0.23564936407445786,0.28984570145804456,0.004212445330886303,0.20330782756583,True
experimental,2003,2007,2003_2007,308,-0.3279831937850216,-0.328652660181755,-0.04010788525351169,-0.11849839320327414,-0.474926045482381,-0.11076615294277478,0.12391197857511199,True
folk,2003,2007,2003_2007,216,0.06446753571329197,-1.0604982411945678,-0.017995177366563878,0.1992241643030986,-0.10846322120985034,-0.2214192804954477,-0.2749509537404808,True
funk,2003,2007,2003_2007,118,0.8746108989944507,0.3029366708814778,-0.06160476125854483,-0.046987244732803315,0.8604460055775927,-0.27740664063470216,-0.10264639818401856,True
glam rock,2003,2007,2003_2007,27,0.6936716799496524,0.4324963098757333,-0.042823183228885175,0.18018553634357276,0.7188032600524231,0.0676673600681314,-0.13125192540489897,True
gothic rock,2003,2007,2003_2007,91,-0.38105397957586984,0.3829330149128182,0.08480626506742009,-0.6340819363869169,-0.4610770714121254,0.13568708992605477,0.17738256134075817,True
grunge,2003,2007,2003_2007,76,-0.42303463209301123,0.43787830061111793,-0.09509266925482476,0.35654335323181213,-0.15359525195685533,0.2768608532633564,0.05967670427351237,True
hard rock,2003,2007,2003_2007,372,-0.40140129833648536,0.6727064647534664,-0.10950893072326941,0.026648214089332142,-0.1868041589249411,0.2639748085548726,-0.0022699749427437283,True
hardcore,2003,2007,2003_2007,288,-0.8657038032018591,0.9739615316650679,-0.04314986751654729,-0.1458509674633072,-0.3704719556755097,0.2946097837596116,-0.30363377856337126,True
hardcore punk,2003,2007,2003_2007,29,-0.5985127535990236,0.9172936977785081,-0.04642797536860514,-0.061408087418686134,-0.10986143303752513,0.06783462791745795,-0.7648844901414159,True
indie rock,2003,2007,2003_2007,1033,-0.10003584360920974,0.26878827866753247,0.02267306334611599,0.12459937765438599,0.17180872751350965,0.22930414288106238,-0.19001438777240245,True
industrial,2003,2007,2003_2007,178,0.1400013322374721,0.5131199619739676,-0.03642163943469707,-0.030736791387803355,-0.1844594811556849,0.06508752318024798,0.20428425649718637,True
jazz,2003,2007,2003_2007,174,0.3106487050004954,-0.9550752629816175,0.02332475253497631,0.04494562738969958,-0.012039324666773495,-0.20223812122108215,0.020407652930501147,True
latin,2003,2007,2003_2007,254,0.8117858845766811,-0.08242775770440643,-0.06953412530040864,-0.020094833372384078,0.6233444966768463,-0.07001519549614393,-0.12418370524685039,True
metal,2003,2007,2003_2007,308,-0.5780308049911432,0.6400868888724808,-0.011699080186166598,-0.312098986609881,-0.524439389574717,0.06559764570773433,0.11339339401407708,True
mpb,2003,2007,2003_2007,194,0.4096252386321617,-0.7402117291443229,0.08677281047460425,0.12169573085966866,0.20906818730573493,-0.19012026886670091,-0.20973733853056423,True
new wave,2003,2007,2003_2007,75,0.5807513679041609,0.1407063608082616,-0.23810198302179553,0.13144664876718662,0.6816400663755825,-0.06281255612782473,0.12223857277336608,True
pop,2003,2007,2003_2007,1316,0.644987715805823,0.05015702917989202,0.04174534993709551,0.05038723083227656,0.507557530617788,-0.06515777719099905,-0.166604952492837,True
pop rock,2003,2007,2003_2007,285,0.1713058762981206,0.32554389946197526,0.04355901999293079,0.2050359559960065,0.3064653298092701,0.28394011922805373,-0.25474319706698706,True
post-hardcore,2003,2007,2003_2007,202,-0.7568755637854828,0.6762893074161132,-0.1439982774672138,-0.4117084418040622,-0.38269781133702946,0.2990592191845971,-0.1466067235918332,True
post-punk,2003,2007,2003_2007,141,0.12440843646849141,0.26603038486464425,0.009001456107471951,-0.08554510070853254,0.38721719355693746,0.29138334378104636,-0.047479531061293025,True
power metal,2003,2007,2003_2007,134,-0.5188978823648784,0.6012455350501803,0.039715796197150786,-0.3767653711291234,-0.5770124258583619,0.10436127437811551,0.5176683351026456,True
progressive metal,2003,2007,2003_2007,203,-0.7771608609010913,0.25643019430795877,-0.15905198121957054,-0.18295519005684122,-0.7155000380264198,0.027563696587822612,0.7974219301691404,True
progressive rock,2003,2007,2003_2007,181,-0.47823071870024275,-0.07317243864763545,0.10295381426224358,-0.15346378900237173,-0.5047582472996544,0.0384258756898578,0.5173853922638402,True
psychedelic rock,2003,2007,2003_2007,60,-0.5464551787327655,-0.07488139136686436,-0.00571184815046806,-0.033047096803116606,-0.07196234027084648,-0.12048490721770393,0.22169111165671013,True
punk,2003,2007,2003_2007,355,-0.24950788180575453,0.7859717528336423,0.08698182770201159,0.16388203521766895,0.3662595587168902,0.5103658229501514,-0.43190036975931617,True
rap,2003,2007,2003_2007,201,1.180393310194596,0.16442859474842672,0.060779618924021964,-0.10056318640286795,0.7927319318308242,-0.4673817387351789,-0.08971964950219752,True
reggae,2003,2007,2003_2007,103,1.2882696590674114,-0.2054326048405726,-0.03206480358082771,-0.40834836096837157,1.0909720476465883,-0.2690054932335462,0.06084479683813346,True
rock,2003,2007,2003_2007,576,0.014778433091893266,0.13695561166836157,0.04162470513177348,0.08261256805100285,0.11865325873229339,0.13035640026320552,-0.10039620888174375,True
samba,2003,2007,2003_2007,95,0.7202941651047864,-0.29847138898226006,0.2257869544328381,-0.09797883847560473,1.256412379808055,-0.3626424984861022,-0.327809642965012,True
shoegaze,2003,2007,2003_2007,132,-0.87331162733034,-0.08766745084464377,0.04603494301521214,0.18191632070352967,-0.6769043362455405,-0.054362798461624506,0.24460444453061908,True
singer-songwriter,2003,2007,2003_2007,735,0.16044070448630657,-0.9303149365024403,-0.1023890628143641,0.21033650633661777,-0.12607021787972045,-0.16876014979885773,-0.11449476534817214,True
soft rock,2003,2007,2003_2007,32,0.20653894837366,-0.5688287516440846,-0.13919504808921132,0.21112330677780225,0.2792078242843356,-0.028465114674238193,-0.07645113963371297,True
soul,2003,2007,2003_2007,336,0.6468051306334763,-0.4659610409147983,0.029234036792588694,-0.06119706814327267,0.3815608935652472,-0.33386040168486186,-0.09541622458969141,True
soundtrack,2003,2007,2003_2007,311,-0.46970224347135114,-1.1550115264980463,-0.09600024232408547,-0.0634599275757611,-0.49212228829228283,-0.4548623714631109,-0.45468515615516836,True
synthpop,2003,2007,2003_2007,95,0.3708293014062345,0.16536062123072431,0.12774040275049667,-0.33606189127472785,0.2908896123664504,0.223703095951938,0.1877029286956573,True
thrash metal,2003,2007,2003_2007,131,-0.6110609872748757,0.9961199516252991,0.012638332478027842,-0.011072741478839465,-0.5610495305519251,0.02907875944023369,0.2763476238246123,True
alternative rock,2004,2008,2004_2008,653,-0.1818308090273452,0.31044553461670843,-0.0015560882326302603,0.04753293023724048,-0.08107281318033341,0.2724271805559433,-0.1261331406084622,True
ambient,2004,2008,2004_2008,428,-0.8421996668507482,-1.2202614977819775,-0.0936195923852458,-0.050043876326086346,-1.035950899798055,-0.37752242541464487,0.617002234142596,True
black metal,2004,2008,2004_2008,209,-1.3475195667059323,0.5256231060381256,-0.020316423636923056,-0.11440948425967289,-1.0498848186502796,-0.08349663053185326,1.3288294055014065,True
blues,2004,2008,2004_2008,115,0.22998269650464964,-0.8118445665945134,0.06126627582578437,0.16482553378839232,0.33117960344388137,-0.08519714542420319,-0.11462746181945713,True
bossa nova,2004,2008,2004_2008,84,0.6232758039260753,-1.2578161345303063,0.09364110853873703,-0.0660529350647744,0.14924725322226906,-0.2858632109018502,-0.37449145965995756,True
brazilian rock,2004,2008,2004_2008,58,-0.10732681227673556,0.21865605824452988,-0.10542199674876616,0.11705757471532334,0.19586538198945397,0.045889396080552966,-0.130015396003275,True
classic rock,2004,2008,2004_2008,82,0.17488368216083824,-0.28027339037212934,0.015290991684329767,0.38934621632380856,0.35796403186549497,-0.16259337796342388,-0.10834519865814013,True
country,2004,2008,2004_2008,208,0.2641619231486212,-0.47463668252027236,0.024756931534417666,0.6026639204410789,0.1364209334993304,-0.08184100986878737,-0.18500201546196993,True
death metal,2004,2008,2004_2008,212,-0.9094288273614635,1.0112530036532779,0.005451609953363604,0.11170802847707338,-0.8197684231909917,-0.0327351876546259,-0.015062045579063875,True
disco,2004,2008,2004_2008,78,1.1568701697961221,0.2481114053709416,0.1939302668039374,-0.4745302261126848,1.182189909631477,-0.15924229524752995,0.08515128647856243,True
doom metal,2004,2008,2004_2008,168,-1.255337846342661,-0.045897855812656894,0.07684008975719572,-0.18840788399617614,-0.9653986391183306,-0.14335998493084598,1.6106719604175421,True
dream pop,2004,2008,2004_2008,59,-0.7261346311338389,-1.2094691519696636,-0.018897240994570165,0.023950535844087184,-0.7851800977373419,-0.2728676681805995,0.08763509371616666,True
easy listening,2004,2008,2004_2008,46,-0.02597980970249242,-1.038672648025761,-0.12404165654384162,0.07545322326458585,-0.05834156087933644,-0.21003978116820135,-0.2609256088591522,True
electronic,2004,2008,2004_2008,797,0.7579906838916477,0.15397301842421166,0.07509042280754963,-0.22574379814939685,0.32625939423976036,-0.006327576201518643,0.16673020557992818,True
experimental,2004,2008,2004_2008,305,-0.26689381851526955,-0.3350444809173458,-0.02093633102062664,-0.11940771607420532,-0.4173819918986808,-0.09454431105327511,0.14713368572041385,True
folk,2004,2008,2004_2008,282,0.02450609499072902,-1.072556685612524,-0.06107125164532844,0.24373938244239168,-0.1379928508277875,-0.23337935015785113,-0.2914833993762547,True
funk,2004,2008,2004_2008,117,0.8446056238956265,0.2978173036467612,-0.06902721689485264,-0.017738416768785004,0.8941615629649121,-0.188544777210411,-0.12079317306001014,True
glam rock,2004,2008,2004_2008,21,1.0340734858828293,0.3246427090654575,0.01299621838733877,0.00736003429406662,0.9382758087633645,-0.09534385692651054,-0.07647895953067241,True
gothic rock,2004,2008,2004_2008,84,-0.37156331084459404,0.44166760093962454,0.09364110853873701,-0.6533566899355027,-0.39364573879706544,0.0854275687245073,0.24524015818834385,True
grunge,2004,2008,2004_2008,82,-0.5046365755337148,0.4400022155530037,-0.046667887334427456,0.3893462163238086,-0.17128783557437932,0.25870454332615694,0.05468881399933033,True
hard rock,2004,2008,2004_2008,387,-0.39334595534689515,0.6813769726437733,-0.11463942817010682,0.025571003437345016,-0.1595282684645485,0.28457989599782735,0.013287204332641347,True
hardcore,2004,2008,2004_2008,325,-0.8925900126388417,0.9587759367924695,0.006627339883074482,-0.1646145523885928,-0.39516497528074157,0.2830537191209599,-0.30947843755722004,True
hardcore punk,2004,2008,2004_2008,25,-0.636283630435855,0.8830487640745046,-0.11496034065287983,-0.19623860072778584,-0.3223028226781813,-0.14007059200384606,-0.9328180792322881,True
indie rock,2004,2008,2004_2008,1106,-0.13487029972306647,0.2704206729868404,0.04191949122644783,0.08603891284742368,0.16329091154081019,0.21193447018688938,-0.2037912862798975,True
industrial,2004,2008,2004_2008,181,0.17877461249092658,0.33540646474248426,0.00935754470647456,-0.004537463502577964,-0.17406873705137083,0.1346123630095398,0.15743004168022842,True
jazz,2004,2008,2004_2008,150,0.20576389047677102,-0.9958976249454679,0.08638306842511116,-0.04549730364429892,-0.09466625976290499,-0.2737684762736938,0.04296189170447728,True
latin,2004,2008,2004_2008,258,0.7687202974431604,-0.08866547420336904,-0.09968782385909176,-0.014265491563576475,0.558717683097741,-0.10106305357062582,-0.12957734560332257,True
metal,2004,2008,2004_2008,301,-0.5825790315276562,0.711287826838941,-0.0163860284120079,-0.3022264411416661,-0.5075113325267218,0.11181753547825557,0.13884295142572822,True
mpb,2004,2008,2004_2008,178,0.3722868902657895,-0.7955889398107288,0.06321049924003523,0.1206414701586453,0.14269500888590178,-0.22714635576664302,-0.21717062135216827,True
new wave,2004,2008,2004_2008,84,0.5293318241949192,0.2011658187703483,-0.24909967460470556,0.12971498322546834,0.6964821281688554,-0.02931228006963027,0.1418161459095822,True
pop,2004,2008,2004_2008,1432,0.6309031567004192,0.03453352340052685,0.009973912215463726,0.04112726601033056,0.46043803816120754,-0.04983768000760061,-0.1912643959647857,True
pop rock,2004,2008,2004_2008,335,0.15426955784678623,0.37682093028348557,-0.002731541283978721,0.24432687270210673,0.3477703771763499,0.2686645243099934,-0.29649299851332517,True
post-hardcore,2004,2008,2004_2008,206,-0.8278277865782011,0.6611113231310429,-0.07834912644434212,-0.4169621769515323,-0.43996397961088624,0.3284657952210095,-0.1893907930685703,True
post-punk,2004,2008,2004_2008,158,0.049495110253533404,0.3108891126461472,-0.013204864066913001,-0.0812311439195559,0.36078645463131936,0.30070111632427404,-0.05606171992748587,True
power metal,2004,2008,2004_2008,150,-0.5268112634667844,0.5984575119992139,0.052512214561523905,-0.38809116065222377,-0.5367924124702809,0.11611065916356175,0.5892120718066071,True
progressive metal,2004,2008,2004_2008,223,-0.7987212712024321,0.38724428473911743,-0.09880966444587781,-0.2419587495374533,-0.7163013582601335,0.014016410216931785,0.8926382159565927,True
progressive rock,2004,2008,2004_2008,175,-0.5180402114297672,-0.08583294205713839,0.05116813305900059,-0.10226999994846933,-0.5421127236690597,-0.055424952281917315,0.6425097044211713,True
psychedelic rock,2004,2008,2004_2008,71,-0.4806953546559395,-0.05382738670562949,0.006370464501660501,0.06664186870590069,-0.1621471356359593,-0.22580689617400576,0.37447724847929353,True
punk,2004,2008,2004_2008,306,-0.30752672754428656,0.7676588649693583,0.06372870647277719,0.16570173291117474,0.3342017817044928,0.5213479258509383,-0.4334285772993158,True
rap,2004,2008,2004_2008,206,1.1708193836208518,0.1420987104670832,0.021674026146348436,-0.14754370687733906,0.6984699608632347,-0.4287142327272466,-0.0747644489759745,True
reggae,2004,2008,2004_2008,113,1.3065501500515344,-0.1860416991207465,0.0038374329276666696,-0.4829259911584883,1.1532171265047393,-0.1904887857869786,0.03823578237300674,True
rock,2004,2008,2004_2008,617,-0.006333922478905315,0.1633512740834287,0.04059672509231487,0.07748112009980997,0.10761098244380138,0.11426791762935842,-0.09429355938866922,True
samba,2004,2008,2004_2008,91,0.7191698651369448,-0.3795053978774085,0.21047280837345503,-0.18087834867732067,1.2193867328542285,-0.46999020280809944,-0.3889069895655648,True
shoegaze,2004,2008,2004_2008,151,-0.8557681305434766,-0.08904141580383564,0.10209725044202932,0.21868566794512337,-0.6631627304907055,-0.09774037509780151,0.31487332675428187,True
singer-songwriter,2004,2008,2004_2008,780,0.17155935505112635,-0.9589057590649246,-0.0883268487259565,0.21065748790316485,-0.13378516625290193,-0.14752904073033832,-0.13892518873213153,True
soft rock,2004,2008,2004_2008,32,0.2256371867772516,-0.5134210903693772,-0.1604743005320752,0.1480682255651786,0.317360279147558,-0.1273292216047259,-0.04946874490438094,True
soul,2004,2008,2004_2008,395,0.5659988310120648,-0.45218839128725885,-0.02535263865933882,-0.0213856347207032,0.3629023085800099,-0.29988235236507127,-0.12425029318317433,True
soundtrack,2004,2008,2004_2008,290,-0.4431930228871131,-1.1716779118486336,-0.07719628519577677,-0.010529103066938321,-0.5093878428445737,-0.4527111841251674,-0.4609021273954783,True
synthpop,2004,2008,2004_2008,103,0.30775132048850673,0.2092277938226144,0.14636042184159284,-0.2672852491325361,0.2377350934679166,0.1292673624849799,0.21504188518602238,True
thrash metal,2004,2008,2004_2008,143,-0.6710754413283753,1.0534425916831365,0.11629311148336054,-0.028918635878600753,-0.48497823004066615,0.07331487693481312,0.3529882102741561,True
alternative rock,2005,2009,2005_2009,741,-0.15014691778697165,0.29661677884085375,-0.028106651586746426,0.06305686840687076,-0.07084855170323781,0.2765848370144499,-0.11913689353487,True
ambient,2005,2009,2005_2009,480,-0.7904988358836642,-1.2161280313870684,-0.06142523671750032,-0.08812966390868794,-0.978607170060733,-0.39473633822291154,0.6023201439490078,True
black metal,2005,2009,2005_2009,239,-1.343907529913955,0.427888876185847,0.009985750275078652,-0.1047043262852211,-1.1354518286314657,-0.03987281772931285,1.3096097353816503,True
blues,2005,2009,2005_2009,110,0.2549396615710387,-0.8593510248509328,0.1133201431949219,0.165087361195856,0.343333274909589,-0.024275516725172416,-0.07153392462272293,True
bossa nova,2005,2009,2005_2009,81,0.44457176331900167,-1.3532351084929242,0.1907395580972219,-0.05617949313278502,-0.01083748201442839,-0.3665217072856574,-0.3628370629344983,True
brazilian rock,2005,2009,2005_2009,60,-0.07380268967302121,0.22265576242787283,0.17525251126654115,-0.006585198197055142,0.19088552654300905,0.16113401480139417,-0.1500687623269354,True
classic rock,2005,2009,2005_2009,83,0.20461926035938344,-0.25617122510279505,0.024736530067804855,0.36116638083980757,0.4938721589024848,-0.14352073027455683,-0.1485405732037168,True
country,2005,2009,2005_2009,234,0.2296092877712378,-0.38565379472012484,0.034664392975581604,0.6070341551201709,0.11174848881277819,-0.020751616807077305,-0.185854983587914,True
death metal,2005,2009,2005_2009,228,-0.962430585926767,1.0100328885982033,-0.05892152800825291,0.05124134812476756,-0.8148213729175414,-0.11161163699332392,0.007477972850575751,True
disco,2005,2009,2005_2009,73,1.1288662795492042,0.3463143022674876,0.05367549887540498,-0.40213758846948877,1.2500114635453825,-0.15866178943580683,0.19385684292191954,True
doom metal,2005,2009,2005_2009,198,-1.1311571290093911,-0.01079203515411288,0.07288613737345094,-0.26773557642505935,-0.9274600693792482,-0.05111766915285527,1.283190885708661,True
dream pop,2005,2009,2005_2009,65,-0.6861165112896744,-1.2247815882708886,-0.06942141182595142,0.02246708108482213,-0.7619714335426971,-0.2720499330120157,0.11352994007839509,True
easy listening,2005,2009,2005_2009,51,0.040105300788641364,-1.0715745008364923,-0.05717602302577106,0.09641833743869153,-0.04595405718227951,-0.18066239204432946,-0.20358934324574496,True
electronic,2005,2009,2005_2009,958,0.7541186118494168,0.16517256986266296,0.0633658544596508,-0.20176865507676164,0.3183803430056302,0.011721706553861339,0.12123637259632762,True
experimental,2005,2009,2005_2009,333,-0.26416865098021647,-0.2906166397748479,-0.0288915038501793,-0.09536001719843443,-0.34656225408026353,-0.10351687710058192,0.18821916275924994,True
folk,2005,2009,2005_2009,376,0.002299570651157323,-1.097697064395619,-0.06851019966068976,0.24069633948167007,-0.1758616950419468,-0.22607747982426477,-0.23745070842479477,True
funk,2005,2009,2005_2009,131,0.8507884744923443,0.219526055597664,-0.06945451799796208,0.028273504702574146,0.8930625744291917,-0.21702990751516693,-0.032821807732467456,True
glam rock,2005,2009,2005_2009,21,0.4830065078743836,0.4281897620348986,0.22156449881960422,-0.09977887329606405,0.7912691523128983,-0.2032020601048639,-0.13309304842353292,True
gothic rock,2005,2009,2005_2009,84,-0.3342294749625617,0.4795905436595837,0.12759814726266466,-0.6147965514747975,-0.38606814116264954,-0.009052617244389485,0.18017144161561383,True
grunge,2005,2009,2005_2009,114,-0.5885293477225704,0.4890526118073908,0.06719120697606067,0.2771262946943875,-0.07068441273735257,0.25821801736010525,-0.043818167866888025,True
hard rock,2005,2009,2005_2009,398,-0.39071721502210155,0.6565680406888906,-0.09146554741153572,-0.02953238452796688,-0.13327075155576013,0.27084236818301577,-0.021929817901916716,True
hardcore,2005,2009,2005_2009,361,-0.8947198286631021,0.9484156524880948,-0.06594948227982457,-0.0842896198170044,-0.4434204462290416,0.33013192139202324,-0.3110805055445921,True
hardcore punk,2005,2009,2005_2009,23,-0.7305221168928344,0.8458707574364238,-0.061501839721486935,-0.1125743435613742,-0.461088919620165,-0.2043045105460528,-0.926748792846301,True
indie rock,2005,2009,2005_2009,1185,-0.14646096432085684,0.24621718220551292,0.059459798303654256,0.08772605595044287,0.14010084609120807,0.20701345023335602,-0.16182587746197263,True
industrial,2005,2009,2005_2009,203,0.1387846399438848,0.27418730625166265,0.023448250216795717,0.0017024426012233272,-0.22181923552361862,0.04811957235091342,0.5825582427460503,True
jazz,2005,2009,2005_2009,169,0.294632133758914,-0.9934245166096317,0.09971802097653973,-0.10674445474226839,-0.030588403276905266,-0.33236608532702533,-0.02128016335452706,True
latin,2005,2009,2005_2009,241,0.8311985694821341,-0.09015948525944843,-0.15797712507428197,-0.028952494317127382,0.5978700867268929,-0.18654845774783846,-0.1457546968378664,True
metal,2005,2009,2005_2009,310,-0.5795683137681209,0.7497706107465377,-0.021925268371488428,-0.28015372832640384,-0.43538734309656113,0.12372326366239554,0.003883428951111632,True
mpb,2005,2009,2005_2009,205,0.42620435500651466,-0.8733652682846309,0.0018731333328222124,0.07966979505889533,0.1811027065597372,-0.1836733302008467,-0.24703418770799576,True
new wave,2005,2009,2005_2009,84,0.4769426995700285,0.22677868775511706,-0.3757930217923685,0.0718936860968471,0.7339659677563122,-0.008722409651103265,0.12812483487063933,True
pop,2005,2009,2005_2009,1593,0.6361703534472872,0.051881226283221636,-0.011114085988055602,0.05503587491083349,0.48950239863031186,-0.04118070094066843,-0.2092591410755925,True
pop rock,2005,2009,2005_2009,328,0.14837521298542067,0.38181276763113847,0.02421879010550905,0.2555294900467555,0.37191575567236873,0.30949076099184947,-0.27281358230559377,True
post-hardcore,2005,2009,2005_2009,239,-0.83586026578518,0.6865177414344648,-0.04662995944960458,-0.4063883218710901,-0.4870067650365142,0.3713275537917479,-0.16530897918098308,True
post-punk,2005,2009,2005_2009,157,-0.0015075759547447823,0.25808351458077483,0.014222913264027876,-0.017301064961708194,0.31351964506641655,0.24605897155479092,-0.02397914908152691,True
power metal,2005,2009,2005_2009,130,-0.5452366466141472,0.6335087846050548,0.0845388411096495,-0.37370036366804976,-0.5285719792650936,0.07584536170956485,0.3886444653647032,True
progressive metal,2005,2009,2005_2009,263,-0.7704652521294819,0.4135082766137791,-0.03731509656160022,-0.2038454546553736,-0.7119583764515599,0.02098802215425617,0.9571920642480514,True
progressive rock,2005,2009,2005_2009,175,-0.5330849019849813,0.03266306812145499,0.09860281592509472,-0.1821817018046614,-0.47302418767232607,-0.008153556836390349,0.5879788212274294,True
psychedelic rock,2005,2009,2005_2009,79,-0.49331024109675153,-0.04240561619486264,0.04042863849465385,-0.10350413679102777,-0.21359649779673567,-0.3639799924503172,0.36969893945197035,True
punk,2005,2009,2005_2009,264,-0.31632307409686033,0.7751461601913231,0.04903861633437916,0.1744513189809239,0.38013749774156713,0.5112334563837344,-0.3946439352787559,True
rap,2005,2009,2005_2009,192,1.1849095458316208,0.10958576973698164,0.040763170600671424,-0.19327910653684602,0.6353378445863009,-0.4062120903502295,-0.09450440848099684,True
reggae,2005,2009,2005_2009,123,1.2739234114302311,-0.15400318234921206,0.052294102460936104,-0.4395350187147872,1.1544112441782344,-0.1703495277958837,0.016216966178606552,True
rock,2005,2009,2005_2009,671,-0.0183478646918779,0.15867774242893093,0.02664983771267171,0.06469345313955446,0.10671960785994013,0.08359523074463761,-0.145866492587086,True
samba,2005,2009,2005_2009,86,0.7421221388418777,-0.32425530598773383,0.031134351146072235,-0.15110953889527334,1.2843198049667013,-0.42030037677035953,-0.35453396115935953,True
shoegaze,2005,2009,2005_2009,180,-0.8553807234038566,-0.06558701598960985,0.17055419368869412,0.14219768661013454,-0.5800743413295587,-0.0006150735600587431,0.16324620946066662,True
singer-songwriter,2005,2009,2005_2009,777,0.15206858261724185,-0.9619463186963572,-0.10314548049877757,0.2369379613433138,-0.1579045416570783,-0.1299653238222089,-0.12777847438489828,True
soft rock,2005,2009,2005_2009,33,0.33486917442253555,-0.42167599524087324,-0.16772467191628815,0.2212711079062633,0.39499079181851116,-0.15457400427087417,-0.09028333873951959,True
soul,2005,2009,2005_2009,430,0.5474104338130807,-0.43943318257626524,0.02130066319243905,0.0021980490276984517,0.32734478192897454,-0.31201739001702256,-0.13274473865896996,True
soundtrack,2005,2009,2005_2009,312,-0.35946053607231754,-1.024986526003067,-0.08369706908171723,0.036993220725760764,-0.4120587037328521,-0.4274494568582003,-0.389497508681327,True
synthpop,2005,2009,2005_2009,160,0.44337125177591713,0.20327222771587045,0.07600055243452375,-0.31130399111947243,0.32953044107031804,0.007941602047904103,0.07393091104271646,True
thrash metal,2005,2009,2005_2009,156,-0.7165356268505986,1.0704811369438145,0.11056029231003275,-0.0752542219542196,-0.5427017795564716,0.07458718402252534,0.26976525753322167,True
alternative rock,2006,2010,2006_2010,717,-0.15909152917866295,0.35045817578724503,-0.020545268933335345,0.08067846258867149,-0.058717953344561785,0.2724103584976812,-0.10587486391776403,True
ambient,2006,2010,2006_2010,455,-0.8008794471287588,-1.2574565985918722,-0.044073159264622956,-0.11933280537535008,-0.9795609416696883,-0.4196085716982105,0.6359725457194264,True
black metal,2006,2010,2006_2010,283,-1.3342462869487912,0.45203456649577045,0.04321542656990967,-0.1282631726692815,-1.099393338919406,-0.03182076887822064,1.397283197733276,True
blues,2006,2010,2006_2010,113,0.24254628361003186,-0.8131776448148843,0.2431813182830648,0.14368148177100373,0.35378646775576195,0.03374014103535651,-0.0523474769020241,True
bossa nova,2006,2010,2006_2010,72,0.3487546054435908,-1.2987080499749624,0.12230967212100054,0.009183262126766694,0.03867614880548182,-0.391169724340932,-0.3525600236125427,True
brazilian rock,2006,2010,2006_2010,53,-0.06431585825867224,0.18064705784216897,0.1552053597325163,0.004322917125232052,0.11184729145206243,0.2257730371778964,-0.1469991166457371,True
classic rock,2006,2010,2006_2010,81,0.2234247671752828,-0.25317710237237234,-0.01755026927863284,0.349467416493469,0.44812502085216854,-0.19194625847162672,-0.11098377795843851,True
country,2006,2010,2006_2010,269,0.2540500570403076,-0.45036864317970465,0.050317761118159866,0.6210988910002734,0.12204598647325277,0.015510425287355654,-0.15433757726563638,True
death metal,2006,2010,2006_2010,199,-0.9309750993130227,1.0265480090980899,-0.10850572166487338,0.03636700075344027,-0.8271503730645136,-0.11754761066264774,-0.010773501567337635,True
disco,2006,2010,2006_2010,89,1.133064129370966,0.31516727671182304,-0.05417212007990469,-0.3063022780290261,1.262229961562088,-0.18409722649298582,0.13393128132942494,True
doom metal,2006,2010,2006_2010,203,-1.1358243824130783,0.05342288985218226,0.05856969026047552,-0.28394582089682185,-0.8744512032954417,-0.03607500216915708,1.1986354383221258,True
dream pop,2006,2010,2006_2010,98,-0.4547475988268305,-0.977605213395882,-0.09899488466587021,0.08803988000880814,-0.5532131482079067,-0.2381026966746942,0.08313503795348343,True
easy listening,2006,2010,2006_2010,45,0.03147231927734083,-1.1205395930857693,-0.041873737348134286,0.09504935715387847,-0.07929570634628579,-0.1991114595800857,-0.24908748810722278,True
electronic,2006,2010,2006_2010,1157,0.7032333426543552,0.14345642450382853,0.03875500042960439,-0.17627859740024485,0.2832382444898942,0.0076471588486254774,0.09876647654249185,True
experimental,2006,2010,2006_2010,400,-0.17928764815721263,-0.2068451088006748,-0.08370141547479483,-0.05264032629275381,-0.24964253165271688,-0.12496373827970932,0.05433663553313308,True
folk,2006,2010,2006_2010,454,0.030695038553323714,-1.1299549135910183,-0.04462907042082797,0.21912019049701797,-0.2314392552889039,-0.19972341418396233,-0.19235534605058863,True
funk,2006,2010,2006_2010,151,0.8627211956471905,0.15045109767413015,0.008867272200825699,-0.05052494964705278,0.861226894701804,-0.29580370950621887,-0.037216103321317764,True
glam rock,2006,2010,2006_2010,24,0.34987823996912143,0.5746620412120234,0.1731283464804946,-0.16254892792745693,0.7862090258267841,-0.13974241409080135,-0.17835915790156845,True
gothic rock,2006,2010,2006_2010,71,-0.36536374346328543,0.47046749063110066,0.18848957090768734,-0.6112295089846186,-0.30257125386131545,0.09518153889900453,0.1405514795343299,True
grunge,2006,2010,2006_2010,109,-0.6632466090775222,0.5224758835495965,0.0611264269147218,0.2904144173990503,-0.009319540060297523,0.32656127969154053,-0.07593815072301674,True
hard rock,2006,2010,2006_2010,423,-0.3880798344062437,0.6653402763659498,-0.1090774834732918,-0.026746522317202075,-0.10401168698950627,0.25143695919209763,-0.03669513712112913,True
hardcore,2006,2010,2006_2010,394,-0.9003016517598131,0.9385084859466202,-0.05528780367652867,-0.08627193995921037,-0.47621807020820217,0.3088513464770293,-0.34865267035080116,True
hardcore punk,2006,2010,2006_2010,27,-0.8793779309613361,0.9014462922847056,-0.010600706973060982,-0.05760147844987582,-0.47692800930924334,-0.18581959926271374,-1.016160513320356,True
indie rock,2006,2010,2006_2010,1192,-0.13500135365827107,0.18943411610380148,0.052942312799109756,0.0973544872217204,0.13167755450890822,0.17195812697532425,-0.16563626646143492,True
industrial,2006,2010,2006_2010,188,0.08110656911346058,0.1889527986095918,-0.01475935462932074,0.003702447550568061,-0.28862122468643525,-0.061594189604809044,0.6337322247943458,True
jazz,2006,2010,2006_2010,187,0.3748110806326518,-0.8997182690744553,0.10746752535208205,-0.17678341426884975,0.08047531336532443,-0.28794292914555364,-0.011469797203455846,True
latin,2006,2010,2006_2010,230,0.7759102025560088,-0.0673829480539083,-0.1392280406027103,-0.05129633524015553,0.6187964455125388,-0.13777904511408412,-0.14410344026216754,True
metal,2006,2010,2006_2010,296,-0.6457031640447685,0.7530278078824415,0.04381013979438074,-0.31107406527165027,-0.517940223465656,0.10927846595451832,0.02443636669747782,True
mpb,2006,2010,2006_2010,195,0.5079625048423405,-0.9913446521141779,-0.008195089251901502,0.07391308760874328,0.2704386495754575,-0.1807397624129536,-0.2503304599044849,True
new wave,2006,2010,2006_2010,92,0.45192658799588026,0.2269768375269162,-0.17410426795578116,0.04278303844172348,0.6261845965355698,0.03715995380429181,0.1463135523461745,True
pop,2006,2010,2006_2010,1709,0.6385259828092291,0.055421784404902225,-0.014846080318302066,0.06570716903460798,0.5070138326411812,-0.053976110462327385,-0.2236287441799201,True
pop rock,2006,2010,2006_2010,314,0.1557154208559177,0.36344603024311384,0.04606921112699223,0.2569370267591338,0.3754979688352739,0.27181014683021837,-0.2727511988289286,True
post-hardcore,2006,2010,2006_2010,270,-0.8404466699720002,0.7227021088626394,-0.022067484777254523,-0.37816823321775983,-0.5015824269611923,0.45135550328632795,-0.13434626857546686,True
post-punk,2006,2010,2006_2010,164,-0.0833098838327655,0.20207930870062998,-0.08172778215539232,0.11599230716049111,0.20095157847585376,0.26798019248339494,-0.08642017918436364,True
power metal,2006,2010,2006_2010,156,-0.5541425349281164,0.6274866971825238,0.11809984110897144,-0.49940822380304933,-0.5725891966124723,0.16571999697120415,0.530971694925008,True
progressive metal,2006,2010,2006_2010,251,-0.7071120317734465,0.43936552173881677,-0.033899737571223165,-0.21146865537318194,-0.6702566241816146,0.013167999744784541,0.9927151858169805,True
progressive rock,2006,2010,2006_2010,169,-0.5913019740253059,0.008266935870006115,0.11171570177204818,-0.19354201548162153,-0.49644383585167107,0.0030622093281749536,0.6100261547549527,True
psychedelic rock,2006,2010,2006_2010,118,-0.4990589317134072,0.06768370316903367,0.012721552967671634,-0.03884353678670262,-0.21183825882473728,-0.17132037829217814,0.36681477360060083,True
punk,2006,2010,2006_2010,257,-0.38106631801141305,0.7934553080311919,0.035274516573252764,0.16454409554157987,0.30529915911955235,0.5409482279772819,-0.4098879080834726,True
rap,2006,2010,2006_2010,231,1.0370297419625198,0.17390501257395238,0.036511910215361126,-0.15474291928862857,0.49542567420005235,-0.37439792349325174,-0.06694623146334204,True
reggae,2006,2010,2006_2010,119,1.1857571126865742,-0.15774404406988535,0.00017403458473737183,-0.41293157477121983,1.1927479140961694,-0.06763053333669701,-0.043175242100730135,True
rock,2006,2010,2006_2010,669,-0.08304252268629131,0.1898529751877343,0.03665943310048028,0.06732577490297244,0.08560123203560957,0.115488775414382,-0.13818562725059422,True
samba,2006,2010,2006_2010,66,0.8582280105065678,-0.3695248660375054,0.02067232340201231,-0.24841502295456871,1.3387787827784987,-0.3450443176820431,-0.322838984631423,True
shoegaze,2006,2010,2006_2010,242,-0.774808814053263,0.0012514806408267026,0.15829950253198366,0.10072645434575364,-0.43413555487645017,-0.03252507347659963,0.12560084461720944,True
singer-songwriter,2006,2010,2006_2010,692,0.15923039990124402,-1.003112267733988,-0.11585343492616172,0.2697595620645337,-0.13875246387815687,-0.12327955355491393,-0.12987406751940253,True
soft rock,2006,2010,2006_2010,31,0.27304649301141265,-0.3296204217800416,-0.04590896707395019,0.25016230300930625,0.2790899481797942,-0.015417777767013155,-0.024425552868316942,True
soul,2006,2010,2006_2010,454,0.5356406959715335,-0.4561681499596634,-0.029130321886926,-0.021456181473215933,0.266589696832578,-0.315887309424086,-0.11590538283643219,True
soundtrack,2006,2010,2006_2010,384,-0.39291541180955153,-0.891406365187814,-0.0724138060737918,0.04138304776193361,-0.46127292263938097,-0.32275157576372016,-0.3577339491217018,True
synthpop,2006,2010,2006_2010,195,0.48449212565411487,0.1893942817663682,0.1274817502214934,-0.31710789897625813,0.40767955732190575,-0.0076253026378909385,0.029848917498384853,True
thrash metal,2006,2010,2006_2010,137,-0.7732477794258198,1.070800353734474,0.11586103629548361,-0.06038707763972534,-0.5841811719045302,0.06549715866780122,0.26437449878109753,True
alternative rock,2007,2011,2007_2011,738,-0.16154546802118638,0.3073078574752518,-0.03906228810155222,0.08826758224008653,-0.07740400969382961,0.19159455311150422,-0.09170850411717535,True
ambient,2007,2011,2007_2011,546,-0.8092332559660392,-1.2717152774652156,-0.08194364330204063,-0.07809401033228305,-0.9835247361010864,-0.47122713304005137,0.5241969803052313,True
black metal,2007,2011,2007_2011,278,-1.368189585973381,0.4345985049238668,0.07027450828960179,-0.10728073185454474,-1.1859829164837494,-0.05026143357671959,1.3969484176424427,True
blues,2007,2011,2007_2011,119,0.2554422100769758,-0.8440380410519597,0.12135572077869708,0.11718069324865345,0.3566584771110162,-0.07204882720107435,-0.13949539357738355,True
bossa nova,2007,2011,2007_2011,61,0.1889087955439167,-1.2826630329644813,0.19026220095692403,-0.0019792429407518093,0.07883178558445962,-0.49836137286931426,-0.36502739026980285,True
brazilian rock,2007,2011,2007_2011,59,-0.05863883531733498,0.20393825527201215,0.29436128928449484,0.0066247975955569275,0.30419389256948715,0.1384660808858276,-0.16580790563442432,True
classic rock,2007,2011,2007_2011,76,0.2398301635823529,-0.27544863120104635,-0.1793365891411592,0.28746369966226587,0.3999497053809432,-0.19860465885294282,-0.05400670469293142,True
country,2007,2011,2007_2011,275,0.26176764180641526,-0.3887333294012307,0.042211646106816846,0.5962341441556871,0.1734290178053329,0.06975051984957961,-0.1584904164336564,True
death metal,2007,2011,2007_2011,173,-0.894816099978366,1.012108975150238,-0.17119820428368815,-0.023106389876150383,-0.7840252340032431,-0.13284092464185585,0.045342529412679675,True
disco,2007,2011,2007_2011,103,1.1363456820396094,0.3147445259302086,-0.08853064645464566,-0.2858624600144569,1.3333075951719435,-0.1828519287768817,0.0663458043157578,True
doom metal,2007,2011,2007_2011,183,-1.0869313095515527,0.0720153652153852,0.07669482973299244,-0.27271971848326687,-0.8797579120871865,-0.02514400132842824,1.2066533719026575,True
dream pop,2007,2011,2007_2011,142,-0.3403856673526526,-0.7461325436171893,-0.08205955891454576,0.1658035869729195,-0.4239757826534326,-0.18411003257190586,0.05238974713034636,True
easy listening,2007,2011,2007_2011,50,-0.015143503526502693,-0.9334109688503464,-0.11710635456644111,0.1983687089607093,0.03487049285375604,-0.26032659935106756,-0.19216165468114288,True
electronic,2007,2011,2007_2011,1423,0.6390775476097863,0.14809694368048487,0.050984657441798496,-0.17673337279725218,0.21385353858933984,0.003490999296420897,0.09400950405002496,True
experimental,2007,2011,2007_2011,464,-0.12361188434892188,-0.26964202254016384,-0.0025635264132992954,-0.03779108924769547,-0.21388899546632975,-0.13227442300601122,0.06395687363179038,True
folk,2007,2011,2007_2011,600,-0.01115892658861986,-1.1017816286378823,-0.029575070542698693,0.19492804875068984,-0.23054329301786017,-0.18779472371294342,-0.1677390742842668,True
funk,2007,2011,2007_2011,131,0.9625694592137077,0.03433071224243922,0.0350237817194248,-0.13760782086042775,0.9534672560251521,-0.3042079775574139,-0.018556076883744426,True
gothic rock,2007,2011,2007_2011,80,-0.33334534039474245,0.5144547495825228,0.03665849464104221,-0.38482319663758946,-0.2611690691346275,0.20569797411466717,0.06216679449807426,True
grunge,2007,2011,2007_2011,105,-0.6025279079177337,0.4290629129626824,0.018771085568199522,0.265215821612516,0.031000187734261112,0.15806226613410945,-0.14032471024778428,True
hard rock,2007,2011,2007_2011,400,-0.369265418209154,0.7026111308689615,-0.03846862346489713,0.002251076989599986,-0.04001660775655048,0.2443168408664045,0.017540866718042634,True
hardcore,2007,2011,2007_2011,411,-0.8524533976604222,0.9506405949396377,-0.03732062739042203,-0.1377611906809,-0.4444368341348901,0.325395874826873,-0.3619220682206759,True
hardcore punk,2007,2011,2007_2011,32,-0.8984425071994369,0.8547230336403218,0.09458360906851883,0.13127583486532982,-0.5119254867115429,-0.034421659356686216,-0.8494613333448238,True
indie rock,2007,2011,2007_2011,1342,-0.13087081391479444,0.17888125380060987,0.02116680301662293,0.10877822432664071,0.12144929066907743,0.16569008312993252,-0.14428724615077668,True
industrial,2007,2011,2007_2011,203,0.04769270140088018,0.12791551997629136,-0.02789873842591408,0.0035222568701490467,-0.318603221006409,-0.09946368314327292,0.608670605736253,True
jazz,2007,2011,2007_2011,193,0.3640538931511769,-0.9925517259983827,0.1039058326967436,-0.18627214436250267,0.12804498310776727,-0.30025728479088465,0.04258541229968645,True
latin,2007,2011,2007_2011,212,0.7779647039290966,-0.03390749504046389,-0.04435055618206113,-0.09025723997790441,0.6562943509674698,-0.09576812996796708,-0.14708301358325454,True
metal,2007,2011,2007_2011,307,-0.613307648703813,0.7704831293415887,0.03669280030549438,-0.30623156887615144,-0.4345009668325352,0.12735860472400368,-0.00019669456189464122,True
mpb,2007,2011,2007_2011,216,0.49900759207477124,-0.9486646216326761,-0.042265286408291775,0.002251076989599988,0.32007148760655796,-0.18538989336900227,-0.1859006953715007,True
new wave,2007,2011,2007_2011,110,0.37692601944331844,0.2521755206017705,-0.19982916260832503,0.02571012387609632,0.48764709705513437,0.061339652745855976,0.13529835308555277,True
pop,2007,2011,2007_2011,1876,0.6216371495998114,0.10193707878171777,-0.025611845466495132,0.04901911289338265,0.49802208368947165,-0.04202277637039033,-0.23448265826472012,True
pop rock,2007,2011,2007_2011,352,0.16245946691150095,0.40490743043796723,0.0012332180490317382,0.2368415458545633,0.38144640594876583,0.29509601686770465,-0.28536211661468774,True
post-hardcore,2007,2011,2007_2011,323,-0.8069348305347732,0.7666265268362796,-0.03825994306392001,-0.34208124898216197,-0.44802416909594195,0.4815498218156764,-0.1261407644110882,True
post-punk,2007,2011,2007_2011,173,-0.14697866451463754,0.26995924293107443,-0.08840455675728963,0.143954568298205,0.19368462055763408,0.2816737748679429,-0.06921252859329312,True
power metal,2007,2011,2007_2011,186,-0.5430508766514196,0.6576586412446437,0.05919436516121397,-0.5665677480539401,-0.4636977141380597,0.1471464264095945,0.5320882467914504,True
progressive metal,2007,2011,2007_2011,267,-0.7015087701154551,0.4870796645906818,0.05089817207265208,-0.22873706632350432,-0.6745179904915557,0.02440646207887299,1.0794305320787958,True
progressive rock,2007,2011,2007_2011,161,-0.602870735392241,-0.08307175590354243,0.0883146572906534,-0.22374259829583984,-0.5611843885892529,0.0008317830157820937,0.6908027363037142,True
psychedelic rock,2007,2011,2007_2011,134,-0.5017739876239217,0.1135063913420787,0.047295128045635404,-0.08633308513403541,-0.11338405617227391,-0.04167734492763347,0.4750479998061687,True
punk,2007,2011,2007_2011,250,-0.4495762348110969,0.808014433610053,0.00534382672024881,0.22314146247284944,0.27005650632606387,0.5160318572819312,-0.4072119662435993,True
rap,2007,2011,2007_2011,285,0.9240265494237855,0.14798061235073087,0.055936071266029126,-0.18698523456147043,0.37691549863803386,-0.2699514395170974,-0.06320763729874285,True
reggae,2007,2011,2007_2011,112,1.267958269057788,-0.20037736670787634,0.03314788164543758,-0.2926626552977825,1.1798009673942598,-0.05084729641052505,-0.09809484309364157,True
rock,2007,2011,2007_2011,740,-0.11515951461063552,0.22145071458002533,0.01284325513031884,0.12360409250515128,0.09426182252903426,0.12478133383398117,-0.14504146482166913,True
samba,2007,2011,2007_2011,77,0.6882384588022846,-0.2651655801911627,0.12843594866899216,-0.08153123331931549,1.2155252537745558,-0.24987209032873972,-0.2690217174969204,True
shoegaze,2007,2011,2007_2011,297,-0.735878665355803,0.07040967381292551,0.1320833387942957,0.07436592482586649,-0.3927336432911525,0.00028088062137519935,0.059583385114663906,True
singer-songwriter,2007,2011,2007_2011,673,0.1670126682483025,-0.9651259689641007,-0.050053124713988935,0.24573018917708417,-0.1506951000127489,-0.08909211837209886,-0.10872567255349394,True
soft rock,2007,2011,2007_2011,34,0.19514655665796438,-0.364150276873009,0.04347321398545123,0.16922429306407388,0.19629489600940073,0.06189055929960429,0.018467772085904235,True
soul,2007,2011,2007_2011,486,0.5141802688079212,-0.4439226520383119,-0.00860385315825549,-0.04765973469895394,0.24946686704497018,-0.29092208854338353,-0.09385191225027507,True
soundtrack,2007,2011,2007_2011,428,-0.4057034946943609,-0.8748064632705782,-0.1397580107549032,0.1445400623104983,-0.4859570793540176,-0.31369517419112886,-0.3823404566247635,True
synthpop,2007,2011,2007_2011,230,0.4638250037807038,0.22304600119189222,0.08168592219336264,-0.2737497094228308,0.38970094546430717,-0.026501437065340954,-0.006143784215281679,True
thrash metal,2007,2011,2007_2011,144,-0.8105785782423156,1.0599617188035213,0.2125792125318971,-0.08376542826088657,-0.4736086361758868,0.16256463335607144,0.36443061922198783,True
alternative rock,2008,2012,2008_2012,757,-0.18389188085815592,0.3240927949070239,-0.013231044625132077,0.03725502355999927,-0.0728732807063811,0.1753751213355391,-0.09201117879980673,True
ambient,2008,2012,2008_2012,552,-0.7187482919702682,-1.2526601898597947,-0.05112393549359679,-0.14548620219015787,-0.9477393568051293,-0.4792398338843545,0.45495969983444784,True
black metal,2008,2012,2008_2012,272,-1.355959478156412,0.4519877598202446,0.021151861644587936,-0.09089295750813219,-1.1627649715630244,-0.06729644771310954,1.4363955478355974,True
blues,2008,2012,2008_2012,117,0.14796695412239078,-0.6479236300507789,0.08730010735894227,0.09353774233315781,0.317425963640845,-0.2080768307494021,-0.019952351875855322,True
bossa nova,2008,2012,2008_2012,49,0.06921225797195656,-1.235040338216103,0.2703105404519252,-0.1028033549538515,0.09128400269543052,-0.5133188675713098,-0.33852190563329787,True
brazilian rock,2008,2012,2008_2012,71,-0.16178191682668644,0.33064346745367695,0.1979665318971134,0.05482259638924048,0.48987043364276495,0.21524421299704657,-0.26424218208973344,True
classic rock,2008,2012,2008_2012,66,0.12065152673236706,-0.23315219688064126,-0.19594614455631554,0.4058985789261272,0.3248635398567172,-0.1348466764002536,-0.0964244154717163,True
country,2008,2012,2008_2012,299,0.2740802978991596,-0.2430489258196214,-0.01764680476997935,0.6152534673984719,0.2210185888227769,0.10783169852029693,-0.16011492260623955,True
death metal,2008,2012,2008_2012,188,-0.9029221426841282,1.0391475504430425,-0.17401863146172644,-0.019776135622376814,-0.8068742885230883,-0.10963540421313582,0.16840093586861232,True
disco,2008,2012,2008_2012,114,1.1205486539517524,0.2726542191309379,-0.13379646786565372,-0.2862272747877681,1.2526220627499374,-0.16460582150009256,0.10858679003674225,True
doom metal,2008,2012,2008_2012,176,-0.984781941217583,0.1668280725993392,0.028900916051701607,-0.26177270929134483,-0.7953478772769469,-0.05237317751942588,1.3917495658585541,True
dream pop,2008,2012,2008_2012,176,-0.19534474403771532,-0.6815347987506601,-0.006016509830955184,0.17162795148140014,-0.3068231517888958,-0.08097411414593868,0.056279387940307485,True
easy listening,2008,2012,2008_2012,44,-0.028223229258599533,-0.8263118463982476,-0.05839264865494038,0.26533620245929096,0.09804285918144533,-0.21103624983923297,-0.18654386528237632,True
electronic,2008,2012,2008_2012,1518,0.614635195211074,0.14011918454154296,0.05983895150109117,-0.18487082941274965,0.18461800120896543,0.038542680122594576,0.07501855239433661,True
experimental,2008,2012,2008_2012,478,-0.1284816023707555,-0.3036955423991676,0.06632193066729136,-0.04735137141044928,-0.231565572963802,-0.18408886325214965,0.052855375705779674,True
folk,2008,2012,2008_2012,731,-0.0742545600074099,-1.1160817418700073,-0.05680332172134349,0.23642893762274597,-0.2820650520888373,-0.21231963604078752,-0.1272241687559879,True
funk,2008,2012,2008_2012,135,1.0294908717223592,0.016220673249258816,-0.027778178285095823,-0.16606881963522116,1.0121235417907002,-0.3174325194570034,0.017386855698562863,True
gothic rock,2008,2012,2008_2012,71,-0.21940617425682596,0.5419453888337208,0.11141065928658393,-0.3226500765639535,-0.08563056027043327,0.2132269946319897,-0.09841282788277544,True
grunge,2008,2012,2008_2012,90,-0.7011238729452268,0.34416190721270873,0.059127415022849954,0.16225712638361106,0.029920481138688684,0.11080790816533044,-0.1854392385046892,True
hard rock,2008,2012,2008_2012,391,-0.3570610910055642,0.7144157455763052,-0.035287558196432756,0.04784198823311217,0.0006846113412595559,0.23001894933768238,-0.007561816883018154,True
hardcore,2008,2012,2008_2012,443,-0.8728907721839153,0.9637798996158877,0.028496065946556896,-0.09416080101006666,-0.4918776885184077,0.28555066771844084,-0.37986022001600056,True
hardcore punk,2008,2012,2008_2012,44,-1.0268859361308096,0.919853260498935,0.2526898728450928,0.07791970050350935,-0.14807758651799474,0.1127063180043636,-1.1133177238942782,True
indie rock,2008,2012,2008_2012,1341,-0.1113816165010089,0.14262727177981852,0.03525545674602688,0.1165979383232428,0.11455398473483083,0.13407910673380297,-0.14393729756839838,True
industrial,2008,2012,2008_2012,173,0.022960059933206618,0.13050659483128488,0.004910094011988647,-0.01768438214156422,-0.35938431932873405,-0.08934622972912505,0.7259879114562761,True
jazz,2008,2012,2008_2012,206,0.3456325441673122,-1.0092378034802285,0.08663948391680086,-0.26006685520800943,0.16401083410879141,-0.28931555899960454,0.02124968523755277,True
latin,2008,2012,2008_2012,200,0.7604569431757056,-0.04576351227743793,0.03150385143568147,-0.0026693953374767477,0.6513849920075806,-0.02472281713022646,-0.1648991451932514,True
metal,2008,2012,2008_2012,302,-0.6221322051799046,0.7787367824188829,0.02153272955448836,-0.25688560679829253,-0.47670378678764813,0.21613058367947904,0.03947537955116534,True
mpb,2008,2012,2008_2012,281,0.4123077368247406,-0.9277059058590734,-0.021769453989274455,-0.03362980110540338,0.2870612733573793,-0.17768603336846442,-0.1785339327377359,True
new wave,2008,2012,2008_2012,134,0.4186964077407492,0.26857757748866695,-0.20876973108581232,-0.019285127003407235,0.556049316224165,0.10724189973247562,0.09099929307890357,True
pop,2008,2012,2008_2012,2017,0.6105635523830503,0.11459770937394459,-0.02425739073837545,0.033574373008022594,0.4854220220498839,-0.025491529322391918,-0.23550657175052309,True
pop rock,2008,2012,2008_2012,314,0.14175584683876552,0.3888837852603354,-0.0009315459574820021,0.26861897558272024,0.36526058734059297,0.3040499148629616,-0.24980477278782645,True
post-hardcore,2008,2012,2008_2012,354,-0.7481619601449423,0.7953270182267371,-0.023780100142599524,-0.2850012376057796,-0.41704064451170225,0.49778619372533645,-0.18528249202070132,True
post-punk,2008,2012,2008_2012,194,-0.16631559893609113,0.2953412448994502,-0.10047681893150702,0.16438246815836735,0.1389230385071355,0.29080489391687453,-0.029005487817514657,True
power metal,2008,2012,2008_2012,172,-0.6107046828057209,0.6614656185203329,0.028125793489824438,-0.5017638985690245,-0.43762641962349047,0.16925994159308155,0.5362013598487764,True
progressive metal,2008,2012,2008_2012,300,-0.677618981272998,0.4712345889659853,0.026848194651327238,-0.2225714242989272,-0.7203702739586019,-0.020371698675605374,1.080964214628909,True
progressive rock,2008,2012,2008_2012,165,-0.7049324160200873,-0.15416257913288436,-0.014798771492350673,-0.16884536040493645,-0.6723428625200053,-0.025420997978542467,0.8238835648407008,True
psychedelic rock,2008,2012,2008_2012,168,-0.6536911643780632,0.16710573395497913,0.09548587752923542,-0.07826071779297533,-0.22083583329425155,0.011415755573920265,0.5751022529648507,True
punk,2008,2012,2008_2012,251,-0.41479573239751505,0.8110103426956002,-0.06853526928438285,0.28792325100177063,0.32233819037094336,0.47177591750323,-0.3965046518166985,True
rap,2008,2012,2008_2012,349,0.911271369759526,0.14877837333530772,0.026613410813491598,-0.17031318783190627,0.36544788392290445,-0.22378148041022314,-0.05816808803247746,True
reggae,2008,2012,2008_2012,133,1.1919226570179202,-0.25507888397190387,0.04227837142232985,-0.31981193616580916,1.0996442961111368,-0.013967703231944026,-0.0940875872020823,True
rock,2008,2012,2008_2012,742,-0.15033327700188057,0.2510552999518921,-0.014191859115659556,0.1305832323873105,0.11706816924018566,0.15392930009543454,-0.16919653429856896,True
samba,2008,2012,2008_2012,71,0.6076615205786757,-0.2527270681104393,-0.07743851731820768,-0.0903592009004495,1.077122180623593,-0.3345479909358415,-0.24279497465253846,True
shoegaze,2008,2012,2008_2012,348,-0.6872570539852182,0.06371098476999446,0.12163094518521489,0.07576548783735093,-0.32550317137045526,0.012838524997313798,0.014066811540055133,True
singer-songwriter,2008,2012,2008_2012,579,0.14090000117516424,-1.0103136644828004,-0.04463181666161824,0.2608854651503238,-0.1652262701619905,-0.1142601408216558,-0.06620703488533425,True
soft rock,2008,2012,2008_2012,46,0.3325237696913919,-0.45082245669808035,-0.21103562504315537,0.15329372846398676,0.13392417461937967,-0.01966258158409331,0.05931115246765532,True
soul,2008,2012,2008_2012,527,0.42779615537977506,-0.46141843593807563,0.005250187618330567,-0.05250724843820395,0.1919235216322855,-0.2851950156528363,-0.0940949636022816,True
soundtrack,2008,2012,2008_2012,443,-0.4262605683338924,-0.8505127123436024,-0.14238650586743837,0.08733283180941487,-0.48559084556078097,-0.29664370518949607,-0.37814702048748255,True
synthpop,2008,2012,2008_2012,308,0.45234564490361256,0.23511486417566493,0.04137142529550759,-0.18981815943332153,0.3092563240701838,-0.04724021402609682,0.01044747297760354,True
thrash metal,2008,2012,2008_2012,119,-0.7965882821672512,1.0635954820414564,0.17842698998999998,-0.1028033549538515,-0.41247822895250935,0.1698724398000828,0.38799276912745123,True
alternative rock,2009,2013,2009_2013,793,-0.1645536584800577,0.3605606357938638,-0.010756199227581134,0.031679653763411676,-0.024110479344954718,0.17510914579650363,-0.07536795890210475,True
ambient,2009,2013,2009_2013,662,-0.7760045312538512,-1.243832087530997,-0.058868938656108594,-0.15194023416563,-0.9757885419434628,-0.4673876108557235,0.501647581407089,True
black metal,2009,2013,2009_2013,305,-1.3333803109317348,0.50466218676541,0.029703569387174156,-0.09702830764312212,-1.1194740451599434,-0.08455931680554382,1.3133637853598608,True
blues,2009,2013,2009_2013,124,0.1469487745686833,-0.6438888835639915,0.050285277769462705,0.02343450925343276,0.4018161973636105,-0.23589309772905873,-0.04552038930760093,True
bossa nova,2009,2013,2009_2013,56,0.26334565235755014,-1.3437220390994855,0.22465808489718517,-0.09510065384325468,0.23945915360181086,-0.5137574681189491,-0.3708052666208664,True
brazilian rock,2009,2013,2009_2013,78,0.05260808337808762,0.2455211209035759,0.1361303520477261,0.04811413808279435,0.6985570966908471,0.16889132587643232,-0.2448849367145332,True
classic rock,2009,2013,2009_2013,63,0.04434161971102348,-0.27763462058001004,-0.18221179840083399,0.3948446869563867,0.2936869032780799,-0.10969808886174913,-0.07955151668849773,True
country,2009,2013,2009_2013,325,0.26160086143130534,-0.15360705979793393,0.048997601655288756,0.5905213184511358,0.31823040667606495,0.18983220964257516,-0.21834061723439135,True
death metal,2009,2013,2009_2013,207,-0.9669363441828842,1.0260928658463857,-0.04473526640448461,-0.03829539693894843,-0.7855945990337879,-0.0748397940542725,0.2374844306530898,True
disco,2009,2013,2009_2013,115,1.160167605233558,0.277045507470889,-0.0892129679327153,-0.2868183958952883,1.3131289639645307,-0.17769951205856696,0.22242542759776196,True
doom metal,2009,2013,2009_2013,182,-0.9411800715264366,0.18615644873274792,0.08247718062381149,-0.24208425608314707,-0.7267777158200838,-0.11159818285916755,1.2815597197464514,True
dream pop,2009,2013,2009_2013,245,-0.16167660241489454,-0.5919447680191005,-0.02999738608362748,0.17366936168112004,-0.3373424444505631,-0.10780977250179612,-0.002558447170916826,True
easy listening,2009,2013,2009_2013,50,0.06339025659491232,-0.7806793994119319,-0.02225380999566986,0.29293605607006135,0.022049923435235534,-0.28985510288175903,-0.04368799608997124,True
electronic,2009,2013,2009_2013,1707,0.6000971975409957,0.12514149978089206,0.046934704791261606,-0.18843997711685945,0.11138265134091047,0.0335769597669532,0.10199331711312283,True
experimental,2009,2013,2009_2013,547,-0.10527541942775281,-0.3259612548264285,0.016367057150834415,-0.04458343771692967,-0.2652762449868481,-0.16593167190967192,0.03523368653235038,True
folk,2009,2013,2009_2013,823,-0.04747534069373724,-1.0612070210952942,-0.08989096669675989,0.2217266977649703,-0.26506758380287215,-0.20965094098978349,-0.11109162320178753,True
funk,2009,2013,2009_2013,150,1.04218623084985,-0.05252115667042181,-0.012953926948857972,-0.1734919083711973,0.9941706623113648,-0.3068925597883154,0.012809813316958962,True
glam rock,2009,2013,2009_2013,25,0.04421685936227511,0.4837910825088707,0.06702506725372405,-0.20092884745597722,0.46670863254288064,0.05762021273468294,-0.2763759795865229,True
gothic rock,2009,2013,2009_2013,72,-0.20139846115684934,0.593792140054854,0.0929097417340171,-0.21350411120316803,-0.06131268994287256,0.32882256959350187,-0.10570212890122158,True
grunge,2009,2013,2009_2013,109,-0.5345162229171926,0.31935847951270363,0.008051863933023503,0.20156349746661995,0.018895952746763877,0.09517624768830309,-0.11688978108603552,True
hard rock,2009,2013,2009_2013,375,-0.35019143369070616,0.73237647041939,-0.05350141703295772,0.046003604307042055,4.580802009564167e-05,0.16437434759286415,0.005859371646291986,True
hardcore,2009,2013,2009_2013,466,-0.8623406459732643,0.9746016657333274,0.019751326993449513,-0.09194649928875054,-0.523472898036205,0.2757011240584286,-0.39044975704414714,True
hardcore punk,2009,2013,2009_2013,58,-1.1809340674270676,0.9101112279396424,0.1416806801260621,0.1481825498641535,-0.265662651890467,0.21733902710287098,-0.9944330751038701,True
indie rock,2009,2013,2009_2013,1471,-0.07967241064181171,0.15620001931839092,0.02401674339862429,0.1293216239479067,0.13530700882332589,0.12433366651308096,-0.1389526942581568,True
industrial,2009,2013,2009_2013,187,0.10064677783262244,0.22378249643754686,-0.0653416103794014,-0.04951215689184419,-0.3355735805706656,-0.08546529395671573,0.7307127270808137,True
jazz,2009,2013,2009_2013,226,0.3707705983231956,-0.9798577001106559,0.06263025526523068,-0.1783480037844327,0.21636830831640969,-0.2633065225142937,-0.036505881824209614,True
latin,2009,2013,2009_2013,202,0.8135015222540984,0.05497228992909264,0.07790869275999301,-0.03834460941398928,0.7503721640970283,-0.023060067636434433,-0.15397989926474528,True
metal,2009,2013,2009_2013,328,-0.587675617200743,0.7900527719141383,0.0018011313973642544,-0.27972639812019273,-0.4770498740754969,0.3129731837723319,0.05290780674732539,True
mpb,2009,2013,2009_2013,334,0.4223393290399063,-0.9778007371918392,-0.048282344942255875,0.022838284480970382,0.2852189374215267,-0.1345682449907974,-0.20111392487502625,True
new wave,2009,2013,2009_2013,132,0.4323166608469573,0.3074765561062664,-0.1716437494840023,-0.1329600665414088,0.5622590731590934,0.13924797943831022,0.08279746285290027,True
pop,2009,2013,2009_2013,2178,0.5949560152422613,0.15094897423753934,-0.0024909180333814894,0.03379681184921297,0.5033832778764102,0.003137979019467846,-0.21895234437814978,True
pop rock,2009,2013,2009_2013,343,0.20173293351460123,0.34072482360678846,-0.015193490621355537,0.23486253485854464,0.3881991708278239,0.26249436066102133,-0.22215628919298616,True
post-hardcore,2009,2013,2009_2013,474,-0.682500471327413,0.8522059549924865,-0.03565035038462162,-0.2420842560831471,-0.33332584039020446,0.5096227109270607,-0.1503523986131079,True
post-punk,2009,2013,2009_2013,255,-0.2260297344661013,0.2535157714832001,-0.008249280231059043,0.11701685840882536,0.08741867596178289,0.2443578265406759,-0.08750983814654131,True
power metal,2009,2013,2009_2013,179,-0.5732564806353374,0.7241135810139793,0.032360922176445435,-0.535230323120251,-0.3793067892539203,0.11200154095295761,0.45429365911385233,True
progressive metal,2009,2013,2009_2013,324,-0.7228667890431185,0.4746197089798948,0.03392437240933073,-0.14681710648321683,-0.6872505046178757,0.01973887866932805,1.0610014259574536,True
progressive rock,2009,2013,2009_2013,176,-0.6216811268668482,-0.15433969319190854,0.007484679656294457,-0.14854923647594284,-0.580064536696826,0.06264371527158442,0.7380973526203284,True
psychedelic rock,2009,2013,2009_2013,215,-0.668203769055269,0.11261563312410582,0.056124739217460855,-0.0650202887336953,-0.20733911868343707,0.03448423539645416,0.477688584219433,True
punk,2009,2013,2009_2013,264,-0.40476019250197887,0.763733736822768,-0.05750882118222028,0.2489745968546753,0.35177610366408774,0.4445417832689584,-0.44678852468239877,True
rap,2009,2013,2009_2013,466,0.8205500797668284,0.14859128943992364,0.07483217937370863,-0.11844139754658523,0.38982744340684594,-0.21256290515590992,-0.11751692725615966,True
reggae,2009,2013,2009_2013,164,1.1476805803106538,-0.23264620266738248,0.07240085330761288,-0.27972639812019273,1.0842035450228784,-0.06221112657428402,-0.12114339996718432,True
rock,2009,2013,2009_2013,817,-0.1487526110744674,0.2434681752698213,-0.009987526065138067,0.16468431755748542,0.12763554925452025,0.15588482223039082,-0.15268030518407935,True
samba,2009,2013,2009_2013,77,0.6720872339811603,-0.17280297255029314,-0.13631627167630786,-0.04165207121056652,1.0882128080962534,-0.2775710406574212,-0.20970123893028292,True
shoegaze,2009,2013,2009_2013,362,-0.6980872577940669,0.04972568603267672,0.08265503644068634,0.07056042271441412,-0.3058284034335009,0.019182609176225704,-0.04412006333271783,True
singer-songwriter,2009,2013,2009_2013,587,0.09456693450801734,-0.9843456328857924,-0.0369308315537048,0.27849310176478537,-0.18454731855849132,-0.12045004029710275,-0.010636365590414804,True
soft rock,2009,2013,2009_2013,44,0.3136783333440498,-0.4539761243737605,-0.1462804320836063,0.22559084195287424,0.1408035708664482,0.056620790133775474,0.057101942927205586,True
soul,2009,2013,2009_2013,516,0.42259396194080334,-0.43885851169973034,0.00973346215836446,-0.07857924118838305,0.15948889247275513,-0.31610721561129357,-0.10109560950713396,True
soundtrack,2009,2013,2009_2013,558,-0.5384503424829372,-1.0199586030149477,-0.10021282960098739,0.03818555177213164,-0.5402577462742406,-0.3901448585169952,-0.3417930069804271,True
synthpop,2009,2013,2009_2013,445,0.4103539476428283,0.19703778196010482,0.038686547227933306,-0.13803968371108843,0.21710312729224804,-0.033146835005168594,0.04907888785475043,True
thrash metal,2009,2013,2009_2013,103,-0.6804989386842736,1.0467386942836994,0.013717776468891786,-0.11222495701683437,-0.4371867557955907,0.15185289749138758,0.13029114724131272,True
alternative rock,2010,2014,2010_2014,751,-0.19909744447935168,0.3959328312913996,0.007830612156462071,0.04210148580119481,-0.015529408096365268,0.12921845733711557,-0.05917724907366312,True
ambient,2010,2014,2010_2014,716,-0.7924946577968044,-1.2377918581964011,-0.04896527168398153,-0.09221173333311647,-1.0034401074268722,-0.4730057326095741,0.6907034889092204,True
black metal,2010,2014,2010_2014,259,-1.3822445547614028,0.5585220074058576,-0.033709934966904526,-0.08320401689388134,-1.0834240967612703,-0.09667168039379023,1.2412136701250378,True
blues,2010,2014,2010_2014,134,0.021877446870802637,-0.49603395943354506,-0.02631059987132479,0.015245312709970862,0.3431633396881565,-0.2869724484854897,-0.09592299026373749,True
bossa nova,2010,2014,2010_2014,72,0.34081987554922233,-1.3323508322484603,0.1011497088275926,-0.05877399806625875,0.34317126397807773,-0.37326833675269,-0.41194313569554636,True
brazilian rock,2010,2014,2010_2014,82,0.020975715650642508,0.3208521627088492,0.019464111404244595,0.1456039643209253,0.7558231018797412,0.14219684245064057,-0.21526023172741418,True
classic rock,2010,2014,2010_2014,68,0.15762545633779135,-0.3240611014085455,-0.22064271426883386,0.4039592997275337,0.3849417631593542,-0.18731042064000003,-0.046069993314685434,True
country,2010,2014,2010_2014,363,0.2894419425715164,-0.138940132060176,0.05253557128030775,0.5814540160030901,0.3737067327933894,0.17434235626451092,-0.24839903680030803,True
death metal,2010,2014,2010_2014,201,-1.033896712247546,1.0570153976174719,0.023792087442535362,-0.010278587557694521,-0.8510419884226073,0.08068445177303833,0.23473317113425946,True
disco,2010,2014,2010_2014,135,1.0455014000790257,0.2602479835238834,-0.02473329304848105,-0.282987281973106,1.1440395124746567,-0.14492943241953513,0.16260211895210147,True
doom metal,2010,2014,2010_2014,159,-1.0541190348111924,0.27319413981801793,0.09865726644243857,-0.12007951701104749,-0.696875491070161,-0.2389486763919958,1.5300094371499637,True
dream pop,2010,2014,2010_2014,330,-0.21449408654146856,-0.48942241637733885,-0.028689212299356538,0.19307728693850496,-0.27485146722528236,-0.030753345632276607,-0.009705035858348584,True
easy listening,2010,2014,2010_2014,58,-0.058287487617462934,-0.7571253122485853,-0.020767630154130495,0.3009369688094255,-0.05505507732416968,-0.2155254199479976,0.07674474321780055,True
electronic,2010,2014,2010_2014,1955,0.5593828676784715,0.1091439819077723,0.033090770331049735,-0.18937150536420433,0.06178240416622001,0.006507634697774169,0.09960486083660855,True
experimental,2010,2014,2010_2014,592,-0.05428001036265908,-0.33863556484037477,0.025019264750053897,-0.046063785568103754,-0.28979222957761036,-0.11536659544422104,0.006884012860780625,True
folk,2010,2014,2010_2014,851,-0.06602399687410529,-0.9766678272535998,-0.08752595725626733,0.2223578167150667,-0.25998935656859523,-0.21058382490321464,-0.07433468800762469,True
funk,2010,2014,2010_2014,204,1.1108789852756875,0.10827041889813277,-0.060203594230700784,-0.2599623884113859,1.026073507707741,-0.18824191737028567,-0.11092160984530737,True
glam rock,2010,2014,2010_2014,25,-0.05920514323350317,0.6207163832122564,0.06354021937819775,0.05751289155322474,0.26560389685810526,0.1438976302623588,-0.22497446253990894,True
gothic rock,2010,2014,2010_2014,99,-0.2540382944211297,0.6084150163974912,0.04816864743193871,-0.28160538191821016,-0.11794793337924094,0.35033300341868184,-0.05209653136717931,True
grunge,2010,2014,2010_2014,88,-0.5375544544353681,0.20777953267789204,-0.016821454546730067,0.2832462655204574,-0.15490541144716882,0.08898151822078096,0.0028267457670432235,True
hard rock,2010,2014,2010_2014,332,-0.3245659306187546,0.7582501599426397,-0.10575303856651921,0.07927032518862065,0.05730692731194651,0.18519460996059864,0.03586848933211272,True
hardcore,2010,2014,2010_2014,456,-0.8115197437704509,1.0173718393685152,0.07190788090641238,-0.12177773083223277,-0.47303184912119606,0.2385249798591089,-0.3788803547832263,True
hardcore punk,2010,2014,2010_2014,73,-1.2052565549064032,0.9930188943620478,0.04483979170223917,0.1497178064489312,-0.267421735721275,0.24246831681712253,-0.9338083248766312,True
indie rock,2010,2014,2010_2014,1579,-0.10227397922907815,0.1735138681120576,0.010171708386503399,0.13476311752255118,0.15328178285613214,0.13656792532647447,-0.15401486896128444,True
industrial,2010,2014,2010_2014,159,0.06480940706083015,0.2874350870687096,-0.03505493680817775,-0.04264096676499856,-0.317380247851506,0.05197564376943906,0.20242878860445332,True
jazz,2010,2014,2010_2014,267,0.22980893415307832,-0.827540321314043,-0.01663096084283558,-0.21825535692972753,0.19819634576832856,-0.19215066693601715,0.04499498237413773,True
latin,2010,2014,2010_2014,214,0.7484008298012439,0.08054891817097838,0.14218114765301176,-0.04758641935080542,0.7197822942635239,0.10085321259729572,-0.1437216559241177,True
metal,2010,2014,2010_2014,344,-0.5409852859744625,0.8289012893181593,0.04919541218766844,-0.28347335728311296,-0.4575715865187964,0.30239689309379136,0.16755551428478413,True
mpb,2010,2014,2010_2014,368,0.37891810447878077,-0.9521334101436634,-0.011776736092100415,-0.006727436216106294,0.2664037505653588,-0.1333849522080573,-0.15816062113394733,True
new wave,2010,2014,2010_2014,143,0.38997060762984087,0.3261719275109381,-0.05007725923815589,-0.13650587615414878,0.4811401137060835,0.1243755525728343,0.09903643320510871,True
pop,2010,2014,2010_2014,2353,0.5608593208461653,0.13605423899254449,-0.0019282147466700113,0.035779415220251604,0.460142649183785,0.004298579193968548,-0.19765706254101725,True
pop rock,2010,2014,2010_2014,381,0.21601889814325673,0.32091158941827796,-0.013817803821937088,0.24150363492522828,0.40782192913419685,0.2339090671930149,-0.2195454278146112,True
post-hardcore,2010,2014,2010_2014,547,-0.6256862570286508,0.8424172449276276,-0.03532511445354126,-0.22040514639745826,-0.324262043768762,0.4482383871998883,-0.14288642687879421,True
post-punk,2010,2014,2010_2014,299,-0.32352970800947584,0.29399952883539865,-0.05101284453638015,0.10308508988531427,0.10467823409404228,0.22014909113400283,-0.07086435011619817,True
power metal,2010,2014,2010_2014,200,-0.5213215586008131,0.8159948792797743,0.11948822021200826,-0.5273417591800599,-0.3014679373127797,0.24759496711440993,0.39141617211251467,True
progressive metal,2010,2014,2010_2014,322,-0.7524162006271703,0.5552280784927698,0.05891842800496993,-0.17879974274110014,-0.6813837412808955,0.05507415723688135,0.885939297838627,True
progressive rock,2010,2014,2010_2014,195,-0.6127264813376421,-0.23616518576712892,-0.019951412635334852,-0.05614307296174555,-0.5767949256689511,0.046341416330335186,0.6363549223391521,True
psychedelic rock,2010,2014,2010_2014,256,-0.5922547502584374,0.06379306286798575,0.056590428649622854,-0.029381631664275334,-0.10872318330062544,0.030350593222847357,0.32137125656704324,True
punk,2010,2014,2010_2014,266,-0.3999745941574272,0.74059551625242,-0.018446738234656892,0.27167415133895195,0.3421317469805976,0.39533769719943906,-0.4615883937801467,True
rap,2010,2014,2010_2014,556,0.8534964705313587,0.1307650943689926,0.11115639562740483,-0.12643987755283928,0.3837069592785382,-0.1791436515580204,-0.11523814986747295,True
reggae,2010,2014,2010_2014,170,1.1076701225549448,-0.22268305360123034,0.06485664292722859,-0.31428325380457023,1.0482050080932201,-0.06894048212871913,-0.13333818471064243,True
rock,2010,2014,2010_2014,825,-0.1612164191726513,0.3036229306788713,0.0011497214786757338,0.13462291461641165,0.15485370946406946,0.15186845392691348,-0.12331446332735557,True
samba,2010,2014,2010_2014,90,0.6715559778987863,-0.1900122842349358,-0.00608395943721088,-0.1613800771422736,1.1123856947212156,-0.20392231608439101,-0.2747352238072386,True
shoegaze,2010,2014,2010_2014,402,-0.6939454478234147,-0.005465052355559307,0.0363177592710004,0.11223613372709931,-0.3472979129589537,-0.02769598677854537,0.015520100751036112,True
singer-songwriter,2010,2014,2010_2014,637,0.07460131374963523,-0.9763088559308858,-0.07466978707719349,0.2582793232021178,-0.19676068207071856,-0.15214342446463347,-0.004189414934819943,True
soft rock,2010,2014,2010_2014,49,0.30264646464265904,-0.3398664156231405,-0.13307704069490775,0.25183624131351406,0.1772358106612759,-0.045394814308981936,-0.04090938552674371,True
soul,2010,2014,2010_2014,592,0.3350446991461916,-0.44826513178164196,-0.016091175051816998,-0.05992947192972739,0.08094936882364655,-0.27324062917851716,-0.05475581461825355,True
soundtrack,2010,2014,2010_2014,591,-0.6349864279614409,-1.105585441345277,-0.06660751589476788,-0.026655343871567132,-0.6287290891989973,-0.4022598886037867,-0.34625807165894307,True
synthpop,2010,2014,2010_2014,518,0.3703245605549761,0.16587343183216793,-0.00994823577107767,-0.12678188831612702,0.10770122201436158,-0.006550159418157579,0.080297972465043,True
thrash metal,2010,2014,2010_2014,85,-0.7146377752183087,1.0448438617351181,-0.02729300550492989,-0.07285718539041766,-0.3663052595635136,0.28318871366345777,0.22440099884799394,True
alternative rock,2011,2015,2011_2015,769,-0.22489281717166773,0.3742124389582364,-0.006482403438373373,0.023080948965294442,-0.002433700342951442,0.15431660952771997,-0.037382118433932084,True
ambient,2011,2015,2011_2015,742,-0.7362837347360078,-1.2170536430383512,-0.05560886756924957,-0.07711875280048135,-0.9594453798860908,-0.4403974444732273,0.6736568331386176,True
black metal,2011,2015,2011_2015,229,-1.4249620076082454,0.5650011379463722,-0.002183989630422061,-0.07032461490804431,-1.088317076630465,-0.06073510518470607,1.1699414871375198,True
blues,2011,2015,2011_2015,148,-0.0018841091980034321,-0.5376579491866106,-0.12262213123746454,0.017307815233670146,0.29236550157018865,-0.39130742223112613,-0.0592684471307608,True
bossa nova,2011,2015,2011_2015,82,0.2784289788682044,-1.365603485839272,0.05330676924616343,-0.06803551577640718,0.376909743682324,-0.3673549833384441,-0.5661386259291701,True
brazilian rock,2011,2015,2011_2015,93,0.06098132781095741,0.3147917995302649,0.01519219666431199,0.18936916901517548,0.8252026991729078,0.019344215984700486,-0.22599144881317818,True
classic rock,2011,2015,2011_2015,65,0.04327282629473001,-0.3982065924431367,-0.06881381555128627,0.4907310667626641,0.48868719495089025,-0.07395823847773135,-0.12359236943519637,True
country,2011,2015,2011_2015,352,0.233213258173231,-0.05451550104260237,0.0522764366280521,0.5614060496134939,0.43932656412882576,0.15927502208196875,-0.2758191305336191,True
death metal,2011,2015,2011_2015,219,-1.034942911575237,1.0931883941053777,0.0697423809381206,0.011182047236357942,-0.8370771162350832,0.06160559825432529,0.2151174687919825,True
disco,2011,2015,2011_2015,125,1.0072962315201217,0.2921011431594306,0.021829135750958708,-0.3406214403717562,1.0725659637641627,-0.11212235711999387,0.22232336168521055,True
doom metal,2011,2015,2011_2015,217,-1.0204917722966231,0.16659413613995572,0.08156158753077913,-0.17536096084294076,-0.779316685198742,-0.20304635867776233,1.332761473817161,True
dream pop,2011,2015,2011_2015,413,-0.25332242396228083,-0.48180018662974744,-0.042163345607699895,0.1365568430815996,-0.2745120878580111,-0.052555648161582307,-0.026877656941171172,True
easy listening,2011,2015,2011_2015,57,-0.08375293871749359,-0.7404475186515115,-0.13961678920842835,0.3747129736617681,-0.0991480382824693,-0.18910309753644605,0.05015979159919304,True
electronic,2011,2015,2011_2015,2036,0.5186661603881164,0.09799907741251176,0.03734545534542805,-0.19166892681451156,-0.020209457246073807,0.02137030110255824,0.10078670932878314,True
experimental,2011,2015,2011_2015,623,-0.08161541207964224,-0.3941052933776635,0.06632267953013911,-0.07488706610093354,-0.326875126818122,-0.1477730950640475,0.08199022744867235,True
folk,2011,2015,2011_2015,910,-0.09048578977535948,-0.8999193239183525,-0.08977885190690757,0.2410553949771645,-0.21190648976257248,-0.21558198369901674,-0.07457203157721032,True
funk,2011,2015,2011_2015,226,1.1234550503734326,0.06943634781175463,-0.08667120271260088,-0.20875096357636613,1.0453815258825274,-0.20611484067850472,-0.17048423777740213,True
glam rock,2011,2015,2011_2015,20,-0.10456927506596947,0.49763245348025054,-0.06233931902969736,-0.013118937561226996,0.1882913804074014,0.19648274625067735,-0.31615472078002427,True
gothic rock,2011,2015,2011_2015,101,-0.22534197488943028,0.6026233153682378,-0.03761657158587428,-0.26847361178230794,-0.043534787189054666,0.32855645441134357,-0.04524596519456321,True
grunge,2011,2015,2011_2015,108,-0.4516387497281326,0.1646499681028495,0.05508087097294628,0.16124582087956402,-0.1990748601834774,0.11882417586531803,-0.03800388195356304,True
hard rock,2011,2015,2011_2015,294,-0.342551501714664,0.7964941815597597,-0.06176674450737997,0.06764273405021302,0.09653911316266464,0.2764250711920584,-0.0032468596048851215,True
hardcore,2011,2015,2011_2015,478,-0.7319019876424993,1.040905167087872,0.09038475303394773,-0.11503524988981739,-0.4195023773554056,0.24753837290496217,-0.339357842104371,True
hardcore punk,2011,2015,2011_2015,92,-1.0982259296453936,1.0263950218853346,0.09562901276878033,0.1604217908302219,-0.3181180702251363,0.4183274916034265,-0.6966788214435866,True
indie rock,2011,2015,2011_2015,1611,-0.09444302826133426,0.17870695152893504,-0.004363571882003579,0.12969329597346993,0.17166609288610865,0.12447565675415173,-0.15318891872532334,True
industrial,2011,2015,2011_2015,176,0.09807102934330239,0.4280657974081176,-0.03938428590770025,-0.008466913373577432,-0.22532385213778447,0.08434202910426525,0.21673689417151618,True
jazz,2011,2015,2011_2015,307,0.1014148259148222,-0.8157930639859353,-0.05292634308788675,-0.20780690747302366,0.12720927482186192,-0.22674017833399523,0.20011353459915482,True
latin,2011,2015,2011_2015,210,0.6921315495788323,0.0350785735997797,0.12603769881272336,-0.06185442905088907,0.7423065425235947,0.08333517524874491,-0.12314999786699055,True
metal,2011,2015,2011_2015,373,-0.5006006235269659,0.8892470411391545,0.023935227559589954,-0.2260394655278579,-0.3620497983192041,0.3283102218120342,0.23846523346521512,True
mpb,2011,2015,2011_2015,399,0.35572552827894205,-0.864163868674301,-0.023595109686220757,0.005349248687487059,0.29687914423861483,-0.14481372279892518,-0.1450828479722311,True
new wave,2011,2015,2011_2015,146,0.39017601947340785,0.34687075928752953,-0.028902535623683296,-0.13368920828770606,0.5596511090377937,0.050488223676590865,0.055080742049136655,True
pop,2011,2015,2011_2015,2596,0.5449128948390375,0.10038032825223335,-0.01085260632103718,0.033716695785617756,0.41674845296280666,-6.387889591744471e-05,-0.19445106825567218,True
pop rock,2011,2015,2011_2015,416,0.1932391948996656,0.33879597198753647,-0.05330200096831281,0.24471055683888915,0.380628136153693,0.2095469443362949,-0.20464610516352286,True
post-hardcore,2011,2015,2011_2015,570,-0.5872565312745873,0.866924386743421,-0.03379095425029355,-0.1926707483126136,-0.28213268015459503,0.41916665287977695,-0.1555727175680006,True
post-punk,2011,2015,2011_2015,346,-0.3406289066668496,0.3145151266998794,0.033667858677717655,0.10164891927627782,0.056099644804935546,0.23227057388039718,-0.028457852432389602,True
power metal,2011,2015,2011_2015,205,-0.5047170310324919,0.8681221421055876,0.009511800905009032,-0.38255773646334834,-0.2449337730994083,0.27881619896363635,0.3739469438426383,True
progressive metal,2011,2015,2011_2015,353,-0.8307400006105173,0.5903869779462442,0.05664101789819889,-0.16852026679851775,-0.6595079468122624,0.14419141819874376,0.833777105212669,True
progressive rock,2011,2015,2011_2015,247,-0.5852137489913757,-0.32587212329218995,0.045909719304938576,-0.02306334554130379,-0.5060596535661874,0.03169751472395458,0.7107217981137921,True
psychedelic rock,2011,2015,2011_2015,282,-0.5709413344461507,0.01855452524370591,0.06978326719809373,-0.014570633052408417,-0.019836247789165748,-0.017054870345596156,0.2473449282302898,True
punk,2011,2015,2011_2015,291,-0.3634360460458616,0.725993178608856,-0.07111289220843699,0.32029211555773957,0.34932845413834307,0.36362939635056785,-0.4390253329051328,True
rap,2011,2015,2011_2015,665,0.8658819868682375,0.05027693376354968,0.07667574788872956,-0.130084117136416,0.3101329163212589,-0.1411025065903238,-0.20038143209624973,True
reggae,2011,2015,2011_2015,180,1.1091663151996571,-0.17376852225989792,0.09041083964630808,-0.24055123117965005,1.0776273081396597,-0.04470607933713179,-0.13499090636061123,True
rock,2011,2015,2011_2015,885,-0.1213628140351202,0.29677141115971295,0.01643981849570013,0.14184340487030872,0.1772864347625517,0.15515749205795937,-0.12393594244770861,True
samba,2011,2015,2011_2015,109,0.6695539941509238,-0.19582067747732104,0.015136842710294921,-0.1520821554968873,1.0919747736611294,-0.23979035251507463,-0.2655291869191997,True
shoegaze,2011,2015,2011_2015,424,-0.6692555562202349,0.021657541978331783,-0.007021057868825921,0.18288049660898947,-0.339875995577169,0.029223695071231633,-0.020472729604311138,True
singer-songwriter,2011,2015,2011_2015,708,0.0725305260151201,-0.9629338990765434,-0.048390497898439855,0.20718200447763535,-0.2225345926897232,-0.15977215201263234,-0.04616553468998076,True
soft rock,2011,2015,2011_2015,53,0.300541347800782,-0.33377828140336796,-0.11156992465611885,0.3808109596872869,0.22539514442695704,-0.03493502913810261,0.006366251264854128,True
soul,2011,2015,2011_2015,637,0.3507958107129839,-0.42662976185509865,0.04349887921097063,-0.07802818556723846,0.08078836900868729,-0.2753988047864259,-0.046372821092566026,True
soundtrack,2011,2015,2011_2015,567,-0.6740673091058049,-1.117842614353591,-0.057737516387368716,-0.10770189141523785,-0.6253313016927093,-0.43647121798185246,-0.3225916879428829,True
synthpop,2011,2015,2011_2015,645,0.3734836638692748,0.17066639755405666,-0.018188940940619375,-0.12736399668117904,0.09382493395236635,-0.04402033083595532,0.06813460988412422,True
thrash metal,2011,2015,2011_2015,106,-0.7763486287673154,1.0811683941382482,-0.05069336931161917,-0.12125655641376022,-0.37436379391292995,0.22104265445958426,0.1736809068606234,True
alternative rock,2012,2016,2012_2016,684,-0.2689019865695418,0.40067181691621157,0.028853773820752236,0.020867936757275444,0.014329830966194274,0.20840773013618114,-0.02153841806847908,True
ambient,2012,2016,2012_2016,720,-0.6468267461359779,-1.183665917876088,-0.05584839580062287,-0.05854331921608268,-0.8278394769320929,-0.3792912984836685,0.639424954461087,True
black metal,2012,2016,2012_2016,284,-1.4405485057175131,0.6314363894062376,0.07956516241306343,-0.02626751698948642,-1.080590628710089,-0.002753470380688431,1.2811944025369393,True
blues,2012,2016,2012_2016,167,-0.06621185002574818,-0.41684705908296604,-0.030833841130514857,0.03241619468325567,0.2235719620300466,-0.29891053077215113,0.05183571193346605,True
bossa nova,2012,2016,2012_2016,97,0.3278823913031764,-1.2716531118408512,0.05906868927189074,0.07817502869681223,0.41024527865858557,-0.21040779457855338,-0.5634735406628396,True
brazilian rock,2012,2016,2012_2016,86,0.026612796920606318,0.326421048219518,2.414658196023461e-05,0.1738863037491283,0.7495774229842552,0.029086027393495372,-0.1764823882363289,True
classic rock,2012,2016,2012_2016,73,-0.05511947991627673,-0.4720205365245261,0.008602528045570471,0.5352539588156227,0.4723595324451476,-0.04713450418038664,-0.16122565796937607,True
country,2012,2016,2012_2016,367,0.20399597364544497,-0.04683395573715565,0.09900886119003541,0.5534704826587782,0.45051168325961377,0.1305037982118972,-0.27489531725918326,True
death metal,2012,2016,2012_2016,234,-1.0775733377715067,1.101750360456485,0.10888260063840809,0.012141425111851477,-0.8847866927376374,0.046227210475143256,0.30281791705130184,True
disco,2012,2016,2012_2016,129,0.957545330362026,0.2960809124089294,0.004372909407262638,-0.37223097154938106,1.0021605002063934,-0.10419811070060778,0.28023635052336626,True
doom metal,2012,2016,2012_2016,234,-1.0909145840223338,0.1159514398484231,0.026172476903329786,-0.2583804358962916,-0.7808684465146073,-0.2300045424450073,1.3109494767387664,True
dream pop,2012,2016,2012_2016,447,-0.19875175897948533,-0.42226875832243377,-0.04298190726423495,0.12060786516101384,-0.1830364171267038,-0.03293505655001287,-0.05693714259294188,True
easy listening,2012,2016,2012_2016,52,-0.17043673755990663,-0.7900966404718871,-0.08051159574046686,0.3830181700423702,-0.16945147120482434,-0.10404894443970956,0.10356794602810464,True
electronic,2012,2016,2012_2016,2171,0.48283701200591733,0.09109060742435236,0.02730657388763443,-0.1914423435742071,-0.047532178945502976,0.03342020809917996,0.0928861268448284,True
experimental,2012,2016,2012_2016,653,-0.09944247137530031,-0.39430197032455394,0.026825978114011547,-0.03559379632376019,-0.337801379438106,-0.1521368509940738,0.0759386154498146,True
folk,2012,2016,2012_2016,898,-0.11754075637227651,-0.8362946131593894,-0.1016076028982277,0.2533157747957402,-0.20580263448972339,-0.2317695274077203,-0.06969459177304525,True
funk,2012,2016,2012_2016,294,1.155784012685188,0.05398634396341141,-0.05599945614196096,-0.12267427520622905,1.0702002897222536,-0.1371809707217542,-0.19457901732756006,True
glam rock,2012,2016,2012_2016,27,-0.040742796203651024,0.42485140151005885,0.07491950635105711,-0.09257671463323616,0.12096960107512915,0.27432937502107546,-0.23245277740395984,True
gothic rock,2012,2016,2012_2016,94,-0.23887156026320966,0.5608742166513597,-0.001780127356197128,-0.3798089170900634,-0.025184287102791688,0.22166635537469667,0.09301615486804689,True
grunge,2012,2016,2012_2016,117,-0.5753685477155432,0.31910628775733113,-0.002596261787132233,0.20412468131117883,-0.17958643562979995,0.2082940219486532,0.013779406532724464,True
hard rock,2012,2016,2012_2016,276,-0.3827754150569695,0.7897654652743381,-0.08825101185556398,0.05292838171546351,0.03953289083134296,0.27135416380420074,0.0022901690681411467,True
hardcore,2012,2016,2012_2016,543,-0.7533104241921289,1.0174448014371185,0.07451773298997176,-0.057477816965453565,-0.4519686140295189,0.2186355404119358,-0.30439625879630505,True
hardcore punk,2012,2016,2012_2016,114,-1.0919554865615284,1.1011077973257508,-0.03716921968707343,0.04475102126054105,-0.2728576144465409,0.5320578824262441,-0.7357002224837746,True
indie rock,2012,2016,2012_2016,1578,-0.09999382535076938,0.15357068291067594,-0.016110094204309016,0.15113517903839524,0.17968648652975394,0.11433714732845826,-0.14411800888075146,True
industrial,2012,2016,2012_2016,179,0.04468701953533098,0.4691613058196613,-0.06309365129589244,0.05065507985981201,-0.19508525731877255,0.14099762004501457,0.2491775118870088,True
jazz,2012,2016,2012_2016,339,0.0032472509530404444,-0.8521440865881743,-0.04413696263958402,-0.17289151207784614,0.03017187878250601,-0.22912055831988065,0.23394570633780476,True
latin,2012,2016,2012_2016,233,0.7551418333895903,0.09930974764437965,0.0013959666148345986,-0.07894388098974121,0.8244723741406775,0.04011096770498356,-0.13775398763983882,True
metal,2012,2016,2012_2016,430,-0.5450564177911891,0.9221197319494788,0.06656021780908693,-0.2250167495123916,-0.42909731154746333,0.2917246251187679,0.30828618755945736,True
mpb,2012,2016,2012_2016,463,0.3290556521896009,-0.7345973576059545,-0.02768864978100893,0.08285821062725263,0.3052178829280752,-0.11287700394283583,-0.12675100515840024,True
new wave,2012,2016,2012_2016,157,0.4139421989423738,0.25292768416023265,0.08378630444001407,-0.10847341737585563,0.6234936660037587,0.06797366177827797,0.16298402562848927,True
pop,2012,2016,2012_2016,2811,0.5169062823555961,0.0567637374898208,-0.020053492673384667,0.02897977415659698,0.36683814578725865,-0.02131876049824477,-0.19165868210850018,True
pop rock,2012,2016,2012_2016,408,0.16491940891283885,0.33737427333976555,-0.041113231173565745,0.20938625450915502,0.3752320346848593,0.1951355256523904,-0.1866938557012726,True
post-hardcore,2012,2016,2012_2016,649,-0.5589678417731128,0.8446866325098354,-0.008318241272433425,-0.21703371276889757,-0.2652791702656507,0.3882960532384263,-0.16136218559290874,True
post-punk,2012,2016,2012_2016,374,-0.3289556152806747,0.2784823831689459,0.011448369779445824,0.09973320242982361,0.06131084493889756,0.1949209835643756,-0.02281789595494676,True
power metal,2012,2016,2012_2016,237,-0.5182169712606504,0.8978649035898293,0.024685485135573833,-0.30510593495976424,-0.2801838294198341,0.30218764535850084,0.35184629331559003,True
progressive metal,2012,2016,2012_2016,412,-0.8567364794146175,0.6110500437934893,0.05167098275721421,-0.12176393076768817,-0.6484603760602744,0.09923504541074685,0.7741445590303933,True
progressive rock,2012,2016,2012_2016,278,-0.5422608297904004,-0.2820842549786284,0.01161563310551807,-0.08115063463706952,-0.42338335570169594,0.03236231631238591,0.662323020717129,True
psychedelic rock,2012,2016,2012_2016,329,-0.5803036061098148,-0.018054807009782303,0.06557282393963378,0.08259010271138358,0.04310127831178893,-0.06620827417008893,0.16442285437153115,True
punk,2012,2016,2012_2016,348,-0.2916477481440947,0.7179885368479242,-0.08646374857297624,0.3338186992138592,0.3747190217674971,0.35565754516777437,-0.42856117272500527,True
rap,2012,2016,2012_2016,985,0.9328322175242909,-0.021426534195189816,0.027163075604431142,-0.08474500265906885,0.21824482582013321,-0.14331920834200612,-0.27525174042514083,True
reggae,2012,2016,2012_2016,201,1.0032344657679317,-0.12384941870402871,0.06360046281156768,-0.2923747573807044,1.0867597363467536,0.007363650766803871,-0.13476594495300506,True
rock,2012,2016,2012_2016,928,-0.11021568929361289,0.30622221063436006,0.036857417925577535,0.10864084591502042,0.24156917670001593,0.13222038559623547,-0.11322192472924657,True
samba,2012,2016,2012_2016,110,0.5548350389401429,-0.23011712728864292,-0.07600013444582623,-0.18745769579620952,0.9877191719993441,-0.14936501246989667,-0.19077151035436424,True
shoegaze,2012,2016,2012_2016,455,-0.6709067545708661,-0.017193215396692278,0.03384414055411966,0.1821837377455414,-0.34481610961793446,0.023977061883410186,0.0935396307884681,True
singer-songwriter,2012,2016,2012_2016,794,0.004309988429270106,-0.9586468868974467,-0.0605655117995357,0.20032194449843738,-0.22830727508829746,-0.18521788658973692,-0.04294440441159033,True
soft rock,2012,2016,2012_2016,52,0.41254240834385636,-0.3666495746440482,-0.11827056527169827,0.46155677485118596,0.2958625001631799,-0.06527492497517984,-0.05283688728008656,True
soul,2012,2016,2012_2016,769,0.2893149958164797,-0.5200181981396217,0.05314239003848224,-0.132997825791884,0.029037333249460274,-0.23621726693995085,-0.08469292480598745,True
soundtrack,2012,2016,2012_2016,604,-0.6148122780662862,-1.123322433460682,0.01086725389140629,-0.17221335733121118,-0.5048187704665678,-0.37044397139127777,-0.41832086620336456,True
synthpop,2012,2016,2012_2016,771,0.37618862154225957,0.12939559694757383,-0.02545080452112443,-0.09345955238724793,0.058035905970463916,-0.044722225096354186,0.06048134931788869,True
thrash metal,2012,2016,2012_2016,118,-0.9053180571517839,1.1605727405453041,-0.08892279476437313,-0.10219066814090663,-0.48401773522461033,0.1967754393373324,0.39174294427884976,True
alternative rock,2013,2017,2013_2017,678,-0.3404181778629532,0.3895284500103739,0.062326720826084765,0.013446014907505792,-0.052762101292151614,0.1658966378738687,-0.00043971518358129613,True
ambient,2013,2017,2013_2017,778,-0.6831896992875376,-1.1819698082642447,-0.06290655414396473,-0.04766666807020889,-0.8155712075623521,-0.3490381484277615,0.5677930369418253,True
black metal,2013,2017,2013_2017,281,-1.4480697732524381,0.691394563779326,0.11850222234920296,-0.04104646458102338,-1.0939817761592152,0.043068114741127476,1.3173040659018902,True
blues,2013,2017,2013_2017,178,-0.0692373104320635,-0.43619549027921756,-0.05954845618416973,0.009121980151179267,0.16982628972037137,-0.26911731317189497,0.033961270096100664,True
bossa nova,2013,2017,2013_2017,103,0.2524015888587723,-1.2217367132730232,0.05813251231127886,0.14932480581863267,0.4362212757846302,-0.19355372529459047,-0.4979717599016121,True
brazilian rock,2013,2017,2013_2017,76,0.06358080919731843,0.32585893988424247,-0.04572319762143249,0.17849008329793428,0.8078841264036818,0.013859813982058412,-0.09838301362166968,True
classic rock,2013,2017,2013_2017,79,0.005226307932200505,-0.41243005711978903,0.0024994009439002368,0.5125722717113813,0.6123492289870821,-0.06804051036898888,-0.08641463662886383,True
country,2013,2017,2013_2017,394,0.18157053865856077,-0.10247718475150819,0.11676473897527122,0.5273075421858509,0.44045356043841927,0.03993442929524304,-0.2739536517680031,True
death metal,2013,2017,2013_2017,295,-1.1410350425106157,1.1554380267211875,0.11353924930321929,0.10357133540982026,-0.8756716852399482,0.09898097559808824,0.25173582324591826,True
disco,2013,2017,2013_2017,124,0.8852262427226502,0.33098679471100595,0.06310166288736736,-0.3285254173056624,0.9704315137547671,-0.05619157120152486,0.2861808020118749,True
doom metal,2013,2017,2013_2017,270,-1.1441445566639696,0.06054774736946153,-0.03332428872422688,-0.28006060608629196,-0.7715699560713827,-0.2162672872953884,1.5160943639294366,True
dream pop,2013,2017,2013_2017,543,-0.17471309878064248,-0.369343827060541,-0.0729222237431244,0.16149810566628117,-0.15694313575968705,-0.06251803614420647,-0.06796068402572009,True
easy listening,2013,2017,2013_2017,50,-0.23245278769349462,-0.9034158074477634,-0.14814968078947396,0.3737516160218587,-0.1846463919942405,-0.1997337324078358,0.15314387434877236,True
electronic,2013,2017,2013_2017,2464,0.4303607487887552,0.06947007726924356,0.005605453949291628,-0.1953582826146386,-0.08536136772200204,0.01168662480989177,0.08059215782228138,True
experimental,2013,2017,2013_2017,724,-0.09921217526879093,-0.3979677550663111,-0.020817409378902484,-0.036527587139815625,-0.28013335384893784,-0.09564828770290157,0.06785514371743909,True
folk,2013,2017,2013_2017,946,-0.10502644471751567,-0.7744245314901127,-0.02848228591055539,0.22532871734701357,-0.16530498856666812,-0.19990314232780063,-0.04858145537984013,True
funk,2013,2017,2013_2017,353,1.1057305149665728,0.04411559036578492,-0.022726028078963362,-0.10750609123933319,1.0240052939537116,-0.11320843481708819,-0.19449692843042882,True
glam rock,2013,2017,2013_2017,39,0.020463378482503257,0.37132899955507415,0.12964904156904816,-0.17087895947380985,0.15764279871923634,0.23784322300210917,-0.13742212350776342,True
gothic rock,2013,2017,2013_2017,119,-0.5277932396316909,0.3236940582341763,-0.10996719633445644,-0.4282649796035392,-0.32284024717031273,0.30248157261229336,0.2522442594151828,True
grunge,2013,2017,2013_2017,141,-0.5052054609915557,0.4097939224901205,0.07694685848921867,0.14272789781736206,-0.11170322245682344,0.25201603792006194,-0.02086682018494779,True
hard rock,2013,2017,2013_2017,294,-0.41907213812175786,0.7873770838065385,-0.05580286203779844,0.038725623715697904,0.04876911505653769,0.29828978606727863,0.037563569529562246,True
hardcore,2013,2017,2013_2017,693,-0.6428357293668341,0.9774429316254554,0.01980109559167477,-0.054351158965185366,-0.3673273708180086,0.296985339531976,-0.2698257781653621,True
hardcore punk,2013,2017,2013_2017,143,-1.1389532386796914,1.040141746458992,-0.11975317629842187,0.052447135869903475,-0.3704029728049519,0.5279585838736064,-0.5988581334922726,True
indie rock,2013,2017,2013_2017,1661,-0.14597377061120523,0.14602624986232982,0.0067881794845725115,0.14231881803161198,0.18080959237858507,0.13071780577089084,-0.11198565322497385,True
industrial,2013,2017,2013_2017,208,-0.05508106321338202,0.5149743051991135,-0.04721542494031421,0.08719335017205038,-0.24987213530896357,0.1563693224806972,0.28779808946135166,True
jazz,2013,2017,2013_2017,382,-0.002910778292443978,-0.8413710841856141,-0.041525168933758246,-0.14898668322311723,0.01545830721843457,-0.31277748973497865,0.16147951566325774,True
latin,2013,2017,2013_2017,291,0.750422377389675,0.12326644795131761,-0.02171179249620296,-0.039401170506376954,0.829123480873805,0.031300078486451034,-0.16044908066835006,True
metal,2013,2017,2013_2017,450,-0.5831315642105175,0.9446879105381494,0.08711756273551599,-0.20607261790315248,-0.43150554548070175,0.24960583686104937,0.3529143666891485,True
mpb,2013,2017,2013_2017,476,0.3301875290479123,-0.7170870173967734,0.00035611320028213834,0.051369037430017854,0.30124638565124734,-0.06575653758048099,-0.12713584124732386,True
new wave,2013,2017,2013_2017,195,0.29535338907122705,0.28537184578724234,0.12820892377558768,0.006831592991187563,0.5616997707078217,0.0825748345689806,0.18880846458688133,True
pop,2013,2017,2013_2017,3143,0.49123045393513676,0.03525020332333436,-0.011851810157473735,0.012798404975283038,0.36333947568774194,-0.046143537835557344,-0.18118462410611744,True
pop rock,2013,2017,2013_2017,508,0.13547862075340836,0.36012519799407827,-0.06038697473926232,0.2122811246969002,0.38714816533979457,0.16100455765040367,-0.1773354511000942,True
post-hardcore,2013,2017,2013_2017,671,-0.5837622538712147,0.8716581021671097,-0.0018287766535861096,-0.21675934669301014,-0.24703937103176038,0.41307013421661437,-0.10977608424268527,True
post-punk,2013,2017,2013_2017,428,-0.4206431925409493,0.2737919265456366,0.056667371148119865,0.07446223067337253,0.001091965337441189,0.19242949297634251,-0.006777941026428042,True
power metal,2013,2017,2013_2017,274,-0.5544313770196908,0.9733019138684903,0.0827400951944694,-0.3383648601439126,-0.300080670599964,0.2804933835408138,0.40347676450100534,True
progressive metal,2013,2017,2013_2017,415,-0.8798577767504916,0.6872920083153731,0.08686192736816277,-0.11596627281559661,-0.5665222493807751,0.18340071517452472,0.808250597207331,True
progressive rock,2013,2017,2013_2017,298,-0.5198364787090279,-0.2826834149468304,0.029541524483365722,-0.12176826593827957,-0.4068471608094946,0.025077413046741746,0.6256373896236814,True
psychedelic rock,2013,2017,2013_2017,374,-0.5472600929289059,0.023638361871176693,0.0472850854136493,0.08095685016910092,0.12219790438849656,-0.06362271955272576,0.19453968571183036,True
punk,2013,2017,2013_2017,433,-0.32951802146819936,0.6078235377174028,-0.10387952856449915,0.40322196942411687,0.3445859602109627,0.3605632225908695,-0.4329496835509066,True
rap,2013,2017,2013_2017,1652,0.9478749300262104,-0.07989948860123244,-0.006643462316287892,-0.09953276665787032,0.15387485758944439,-0.08516251692058589,-0.33592887982191216,True
reggae,2013,2017,2013_2017,208,0.972897714647603,-0.013865683419928875,0.027040648784990594,-0.27541457857086715,1.0456393695683135,0.02475264706293891,-0.13683668078419403,True
rock,2013,2017,2013_2017,978,-0.15430392733026468,0.31609607540014384,0.02820025283647333,0.08228322235786727,0.2033235842582362,0.09619935812401299,-0.06281831797167373,True
samba,2013,2017,2013_2017,110,0.5550333958082244,-0.30965388840254915,-0.09147449962683472,-0.1043562927756825,1.0032259790582827,-0.13865346088200317,-0.19120798660000818,True
shoegaze,2013,2017,2013_2017,494,-0.6308391838189576,-0.0028192593796332465,-0.016447118793848192,0.2610182036377164,-0.3458352550215254,0.04263009154735968,0.17662700798553438,True
singer-songwriter,2013,2017,2013_2017,991,-0.019240650362291205,-0.9332307229355717,-0.049813467919750144,0.19483747988996175,-0.21180813969511056,-0.20721871674157863,-0.03954344704808393,True
soft rock,2013,2017,2013_2017,56,0.2980808287582602,-0.21929375712245763,0.13427799161945678,0.5310030544635749,0.4773616686960427,-0.16764049067256998,-0.11329608642750566,True
soul,2013,2017,2013_2017,883,0.28336452370124954,-0.540117778455773,0.041162528676412714,-0.1358364416337997,0.02554101555116486,-0.21805706223689184,-0.08109172405246573,True
soundtrack,2013,2017,2013_2017,605,-0.6717825246449151,-1.1655118710823733,0.008322092919991154,-0.10098696290395914,-0.529729087325137,-0.4070784584300661,-0.4054547360767165,True
synthpop,2013,2017,2013_2017,867,0.365203252291284,0.09663751221429293,-0.05009161175316181,-0.06652419784923881,0.08598202263558943,-0.056658232181323,0.06783285709975528,True
thrash metal,2013,2017,2013_2017,158,-0.986779997828459,1.1612306342003882,0.025605088326319563,-0.08089893290925419,-0.49506918128558663,0.10182119823243516,0.3133387283641695,True
alternative rock,2014,2018,2014_2018,682,-0.3547454667835158,0.35869687392483784,0.07275696728714678,-0.02688687628670852,-0.07610424875800496,0.13816480306081275,0.02196983008911578,True
ambient,2014,2018,2014_2018,827,-0.6499324419455105,-1.1549604876229922,-0.09263865371901799,-0.04020521789746942,-0.7850066805184074,-0.3438549418820563,0.6481384175704341,True
black metal,2014,2018,2014_2018,335,-1.497958448593279,0.7909206650431497,0.10736938700843414,0.003476833466962493,-1.0993669502847905,0.12145964902011612,1.3065805964745831,True
blues,2014,2018,2014_2018,251,-0.06217958233025947,-0.3248782696535015,0.004257847402078524,0.045273097854003186,0.18257819500001052,-0.21767823799761996,0.09606832467575802,True
bossa nova,2014,2018,2014_2018,101,0.1845092275779975,-1.2189740856935878,0.006541714946882875,0.19917379242077762,0.3684028831438548,-0.17246097114247594,-0.44632840416836317,True
brazilian rock,2014,2018,2014_2018,66,-0.10134435843880878,0.4035173544827272,0.009703954321032781,0.20712027499647803,0.7488643409121198,0.1118948599423729,-0.11969993964168395,True
classic rock,2014,2018,2014_2018,108,-0.009011335511387792,-0.4280014886129515,-0.009459216286315604,0.46607712491529507,0.5901457222634698,-0.028948594171977822,-0.17120773036984557,True
country,2014,2018,2014_2018,461,0.13260861037776214,-0.1366907533504405,0.08366852749675628,0.4665272517464019,0.3365444503975282,-0.08887558065723777,-0.2418346623106647,True
death metal,2014,2018,2014_2018,370,-1.1979535864920456,1.1976194945285612,0.03573824375876373,0.10316673588820471,-0.9279569808657371,0.06983860149820643,0.22345295064111592,True
disco,2014,2018,2014_2018,128,0.7784338145459994,0.34695325348766065,0.056414182676444435,-0.32151183750335877,0.9128283758470593,-0.006308131653648167,0.2131053597619465,True
doom metal,2014,2018,2014_2018,305,-1.199364755628917,0.17502094410728833,-0.13225011166433034,-0.18415731206574415,-0.787284069965522,-0.17091343278497537,1.6372751621658694,True
dream pop,2014,2018,2014_2018,674,-0.11764801903837399,-0.3243815026218726,-0.060542049903332285,0.12623792444310133,-0.009514768863332655,-0.03914613745156262,-0.06660937323486127,True
easy listening,2014,2018,2014_2018,52,-0.25442484382382297,-0.9938192437102431,-0.11755915304571668,0.4327016368717593,-0.11134883083130985,-0.1774615636877201,0.059408201644774464,True
electronic,2014,2018,2014_2018,2692,0.3793255877160095,0.03850482406481231,0.01016903374637209,-0.18736572698222906,-0.11612118368981683,0.015172807365413125,0.07801267101751906,True
experimental,2014,2018,2014_2018,817,-0.15860464660280738,-0.4070172883047247,-0.016081495153889677,-0.028345802613362725,-0.25925486704339906,-0.12254181553439362,0.09023228573204388,True
folk,2014,2018,2014_2018,1025,-0.14243781003907338,-0.7623940467937367,0.007747129745192973,0.25404119826653654,-0.16592155572969206,-0.15718622226471357,0.00643041887407473,True
funk,2014,2018,2014_2018,435,1.1076435390652797,0.04456097492859934,0.030761415356233977,-0.08411304185216101,1.0147617168463166,-0.1067054114868126,-0.21042755728610507,True
glam rock,2014,2018,2014_2018,67,-0.39144518357979297,0.6847360194632149,0.16777627704234424,0.003476833466962493,0.00976893354405532,0.12344619212419415,-0.0356908241510258,True
gothic rock,2014,2018,2014_2018,133,-0.5464673188735762,0.32094025637876983,-0.1304417394941115,-0.37033944550166986,-0.3115108088687273,0.24621156493808524,0.34643695117712886,True
grunge,2014,2018,2014_2018,177,-0.5305491837265949,0.4433816507661405,0.07747878370069426,0.053298336533083704,-0.0557594583151428,0.18479410338373653,-0.025749518307952694,True
hard rock,2014,2018,2014_2018,376,-0.4603763345333235,0.7732564362140341,0.007733273655738083,-0.009948106033117968,0.06887878264491358,0.30214225486385377,0.03853806510269712,True
hardcore,2014,2018,2014_2018,895,-0.6230476867795751,0.9482437090510333,-0.03827177484939395,-0.035969012865454036,-0.3535545875117188,0.29059765793315967,-0.21479849010543217,True
hardcore punk,2014,2018,2014_2018,170,-1.1321374290475357,1.0359935354583152,-0.018552328613724037,0.08146517088316343,-0.37281769060160697,0.5291965739745927,-0.5490055536943269,True
indie rock,2014,2018,2014_2018,1806,-0.19068307341393814,0.14527267249309025,0.014429313481501109,0.14651032209255122,0.20758645347331148,0.12625417289274582,-0.09311204937520488,True
industrial,2014,2018,2014_2018,235,-0.21669061995007627,0.5115148088583472,-0.02112020946440418,0.12226328610381901,-0.3285105065432235,0.05879219643476848,0.33689599384875146,True
jazz,2014,2018,2014_2018,438,-0.038312529106481266,-0.8347871751565904,-0.027105667150007787,-0.1569651155543545,0.0022187094294409794,-0.3183620049127269,0.2828120936041402,True
latin,2014,2018,2014_2018,381,0.7512968227626441,0.07951355304723237,-0.019233606893563276,-0.06316602150323739,0.7545121554700455,0.03901446603444081,-0.22314130757004952,True
metal,2014,2018,2014_2018,444,-0.6426370786806352,0.9529405053863564,0.0892915367533535,-0.16205661950922773,-0.43814986652824917,0.19085007762976422,0.41043211063319,True
mpb,2014,2018,2014_2018,512,0.3073844682831053,-0.6709168673192258,0.04543528284931776,0.040596336273331424,0.31003088873299617,-0.07201261857853732,-0.09451604907370773,True
new wave,2014,2018,2014_2018,227,0.18098458477883478,0.2600387797409627,0.0899022454090546,0.07058941781140166,0.4521559758169283,0.09172128653506174,0.20529104305392412,True
pop,2014,2018,2014_2018,3846,0.48184225398329583,-0.027598857949358787,-0.01921519341818978,-0.011948696137744986,0.3324176170469085,-0.08169994751980124,-0.21085645640302678,True
pop rock,2014,2018,2014_2018,610,0.046785310069076116,0.33927619837339107,0.0004469910331114841,0.2032742976792601,0.29478595749154324,0.17163171802402577,-0.18186212720050218,True
post-hardcore,2014,2018,2014_2018,690,-0.5920126832328764,0.8470539696211262,0.0029644431122648504,-0.18531902603799302,-0.23207322842060765,0.345372117774598,-0.0834928003022944,True
post-punk,2014,2018,2014_2018,488,-0.47546890752578436,0.3351834306077414,0.0602298003212819,0.11059130483077848,0.03778165213921396,0.23645379799748725,0.05993132999052354,True
power metal,2014,2018,2014_2018,335,-0.5625035465157707,0.9621278065281434,0.020953974876590533,-0.27019783682383436,-0.34099349530936346,0.26163347964334677,0.4459248125132914,True
progressive metal,2014,2018,2014_2018,450,-0.8691958289554911,0.7285291834059479,0.06267947484445806,-0.13079268995718896,-0.5884838157094249,0.1918962925623029,0.8731209965951884,True
progressive rock,2014,2018,2014_2018,355,-0.6260738966160024,-0.26620738776178765,0.040616937516736534,-0.16835145717570998,-0.44477399903673315,-0.03134720414709814,0.6768528576885948,True
psychedelic rock,2014,2018,2014_2018,376,-0.5208154881403657,0.03412316622684365,0.05706824479380517,0.07674788881077513,0.19958821813346067,-0.045317222534016086,0.25334419845987893,True
punk,2014,2018,2014_2018,592,-0.3294667424872724,0.6356086592836361,-0.033197378074697595,0.4356136580083428,0.36704957991869397,0.36374984755725476,-0.42188619576476244,True
rap,2014,2018,2014_2018,2476,0.9423711149808023,-0.12085096747383188,-0.01990247350475208,-0.11024724869480286,0.09485148166110574,-0.019857617739002218,-0.3879008553571943,True
reggae,2014,2018,2014_2018,213,0.8771203756343305,-0.008837728771450688,-0.09028041313577392,-0.2563499270595113,0.9762670983435418,0.009137075243093698,-0.17483402582986568,True
rock,2014,2018,2014_2018,1012,-0.19010696753651377,0.3422955860704938,0.02303485561310121,0.06351218604063533,0.2274934388624612,0.10163136869440254,-0.049382102728001864,True
samba,2014,2018,2014_2018,120,0.4088929521842443,-0.30573680208258375,-0.02117004276858405,-0.04137540416402922,0.9582083111511711,-0.1159114315434289,-0.16207717925361084,True
shoegaze,2014,2018,2014_2018,562,-0.6116346049260829,0.05436150329366523,-0.04771736116433139,0.24447070089978362,-0.31445115805422263,0.0648200687400133,0.2543053469787131,True
singer-songwriter,2014,2018,2014_2018,1287,-0.026546911586691598,-0.9082062768876689,-0.012461992307410073,0.16596157037361967,-0.19504444789427575,-0.18910802649323208,-0.025370624668116574,True
soft rock,2014,2018,2014_2018,73,0.32933197393449554,-0.20621285988754648,0.10893242678100107,0.40586607471644465,0.5325207987953664,-0.16882253116620355,-0.026630656601998245,True
soul,2014,2018,2014_2018,1105,0.2629399697492344,-0.5108134215777118,0.053047982439855736,-0.17481760482505088,0.043086297465599964,-0.200179014483406,-0.08443913150627408,True
soundtrack,2014,2018,2014_2018,549,-0.643472329114095,-1.0739971602274645,-0.03108904880547809,-0.06985756512947854,-0.5213361400042691,-0.3491802281841807,-0.43759810503884894,True
synthpop,2014,2018,2014_2018,974,0.3415288306696666,0.051753256239693714,-0.05837055317529718,-0.07076436730323087,0.09016923502974925,-0.07276373260654481,0.031751402448959375,True
thrash metal,2014,2018,2014_2018,200,-1.0668500729630441,1.197808006912357,0.06361634096303953,-0.010815065981556899,-0.5942185060470297,0.10195853139635912,0.4453831403589866,True
alternative rock,2015,2019,2015_2019,605,-0.3587501046183403,0.3214393562806173,0.066902583087919,-0.0511774540401222,-0.08911900295593884,0.11638199886094544,0.02874573869165767,True
ambient,2015,2019,2015_2019,734,-0.622810423782059,-1.138849219557039,-0.11092466092293676,-0.08049491645887039,-0.7449446669008933,-0.3037393440677411,0.41052983266288134,True
black metal,2015,2019,2015_2019,337,-1.4882040757786401,0.7921138768836583,0.13362218901693973,0.020321767948477,-1.0925482807670768,0.14143633759903315,1.442272615573598,True
blues,2015,2019,2015_2019,276,-0.03766622279099766,-0.30439967880550706,0.020996760450369068,0.0640655204263711,0.15322317973908986,-0.25787901009529246,0.11383244920787433,True
bossa nova,2015,2019,2015_2019,80,0.24047215849670095,-1.1450170442354521,0.03416631899703858,0.2386473403745133,0.40527659529077054,-0.10610238108601602,-0.4628651586093337,True
brazilian rock,2015,2019,2015_2019,49,-0.12606919102446487,0.34068104908572994,-0.04022804092489695,0.11754659742649233,0.6730995852243238,0.0552507323144329,-0.13674999274270622,True
classic rock,2015,2019,2015_2019,118,-0.31192296483830306,-0.26392133444075694,-0.03891736232722823,0.5481426776839496,0.5715437532179035,-0.08853120345224495,-0.31041720708796705,True
country,2015,2019,2015_2019,435,0.10111289649193739,-0.14861529509915186,0.062193930948644505,0.42160379307951756,0.3183836216080769,-0.16912655245805777,-0.22721145106021068,True
death metal,2015,2019,2015_2019,355,-1.1765341304344032,1.2111126271457886,0.02344318015755396,0.08404862246849536,-0.9289473156006768,0.05943431039601941,0.26220226531713,True
disco,2015,2019,2015_2019,114,0.837234393892089,0.27135091563121944,-0.032741247193834096,-0.3194045058088939,0.885493831873386,-0.036181649343614924,0.1845621132635731,True
doom metal,2015,2019,2015_2019,301,-1.211614460185471,0.17866216781814723,-0.16038599718800478,-0.18414763792460093,-0.7900977918030389,-0.1309779487904322,1.6805149500209573,True
dream pop,2015,2019,2015_2019,642,-0.04978115640437559,-0.3285021185696561,-0.043993274076478336,0.13574579187965982,0.021343001718108434,-0.07440848974889465,-0.07589473149691466,True
easy listening,2015,2019,2015_2019,38,-0.2249534083000082,-1.0256930646846734,-0.22970924333991738,0.5027054997775506,-0.03490779217208322,-0.256743298848367,-0.07201923326909174,True
electronic,2015,2019,2015_2019,2463,0.3518255602198738,0.02173277197156208,-0.0009798579249064398,-0.1930600035469725,-0.15006881323320104,0.032090075005527643,0.07823348436070296,True
experimental,2015,2019,2015_2019,767,-0.17759955538764535,-0.38371602838497393,-0.0010421115689551394,-0.033593006219207126,-0.2602759176157398,-0.13251404668102593,0.1295887979935119,True
folk,2015,2019,2015_2019,959,-0.14805900865702107,-0.7745026829459414,0.017011656837904024,0.2529080995218336,-0.16727605662933726,-0.13753900531299293,0.010950416257724069,True
funk,2015,2019,2015_2019,404,1.0632413236337672,0.027205217825581895,0.08311152529184176,-0.03796542619519609,1.0110231556581135,-0.12275005473014645,-0.24987812890836658,True
glam rock,2015,2019,2015_2019,65,-0.3932035782415131,0.581640874821554,0.17585543641702758,0.07212882126638939,0.11211610689422923,0.15166218081078975,-0.016553086155407928,True
gothic rock,2015,2019,2015_2019,102,-0.6007463521622651,0.20666798409456782,-0.18741905593208186,-0.37407166730569075,-0.29366905094399476,0.22838335624363487,0.4749539594815907,True
grunge,2015,2019,2015_2019,195,-0.47105312784368186,0.36805227562144943,0.0592655340828652,0.10347348368674211,0.0022379117470465557,0.12877952877531737,-0.006090345233529369,True
hard rock,2015,2019,2015_2019,366,-0.510958121674768,0.7744175857975544,0.03583429080866499,-0.05513393380640888,0.0544572227438548,0.30344373845209693,0.06291045481647399,True
hardcore,2015,2019,2015_2019,914,-0.6666364104715276,0.9362443983108137,-0.04388804106763733,-0.05163801317021129,-0.3683270602697035,0.28718611475427197,-0.20087309512045048,True
hardcore punk,2015,2019,2015_2019,170,-1.0666266455805429,0.9930019771024053,0.03602375616657793,0.1292867350917385,-0.2502434644708506,0.5300100499136516,-0.5870959330724581,True
indie rock,2015,2019,2015_2019,1661,-0.19000950657703647,0.1457350799457049,0.01732935742551079,0.1411776591929822,0.22806106777706836,0.11080390687013088,-0.09596767049067083,True
industrial,2015,2019,2015_2019,247,-0.21039145777721083,0.5065820827822346,-0.015506547531051804,0.11502151721002998,-0.33185034313344686,0.054338324640061136,0.44798535398649797,True
jazz,2015,2019,2015_2019,380,-0.04730883159178857,-0.8990341438334374,-0.02363147737207774,-0.1246001783981929,-0.0344041355528705,-0.3663333522632982,0.4055996160315225,True
latin,2015,2019,2015_2019,368,0.7499176123660104,0.03979077549641534,-0.022732275650541277,-0.07803596092676787,0.7390068502114707,-0.003644514733987115,-0.22762040307647188,True
metal,2015,2019,2015_2019,404,-0.6801387490458644,0.9591685838185253,0.0886695331038847,-0.15395619431011526,-0.463795354025974,0.22196968248292992,0.49143722264917755,True
mpb,2015,2019,2015_2019,463,0.27654451194839097,-0.6409153961914547,0.04725307154335627,0.04112265412055449,0.2951704406130281,-0.019001692631575362,-0.07820511722776129,True
new wave,2015,2019,2015_2019,226,0.16307440746065355,0.25931027952951974,0.06574275087920756,0.09418103951787649,0.4664114600784562,0.12605540158578155,0.2465770927667216,True
pop,2015,2019,2015_2019,3726,0.46576473822287917,-0.05207567608464239,-0.014935625803092142,-0.0280714670022154,0.31348516048335656,-0.0962119077433481,-0.22792164478378596,True
pop rock,2015,2019,2015_2019,555,0.04216489718388999,0.3372679445288042,-0.017955338834489597,0.21134430390813622,0.2873825221011615,0.13114333407272566,-0.16825774985136321,True
post-hardcore,2015,2019,2015_2019,611,-0.6010224206358482,0.8537391762021257,-0.005690384711660255,-0.1726263086967905,-0.21999370080987476,0.33651476103732686,-0.07168440007807264,True
post-punk,2015,2019,2015_2019,479,-0.41438312948493833,0.31838305430486574,0.06310588809155253,0.10982094142113505,0.040258399315928416,0.27595813147137094,0.03943896764011938,True
power metal,2015,2019,2015_2019,343,-0.6096807960091122,0.9564297748968726,-0.04022804092489696,-0.26261024125766913,-0.365740339613212,0.21255191964030143,0.5537059803400097,True
progressive metal,2015,2019,2015_2019,441,-0.8516222958113445,0.7390181071072786,0.0641515978491159,-0.14117125112245088,-0.5968097536300024,0.1775931926213897,0.9829048431715189,True
progressive rock,2015,2019,2015_2019,318,-0.6455682485595177,-0.2625147180199001,0.04102884192880277,-0.19430080930660887,-0.4111134163926688,-0.03412484890564424,0.8214201583301004,True
psychedelic rock,2015,2019,2015_2019,332,-0.5137828576878086,0.0697781564428817,0.030235116634198266,0.09412673194091405,0.2215795472629234,-0.03145348128144673,0.4144911967877053,True
punk,2015,2019,2015_2019,599,-0.32367848676533134,0.6560128484482515,-0.023990310971066745,0.41623983975760737,0.39400814805727646,0.36993928709774854,-0.44522628507709816,True
rap,2015,2019,2015_2019,2631,0.9338394304177132,-0.12927477014053543,-0.025736755312641423,-0.09401814266908733,0.08995576111586905,2.5745183494784375e-05,-0.43512877106095593,True
reggae,2015,2019,2015_2019,201,0.8797620840907082,0.010477054793352973,-0.09135392515148387,-0.26018697782700206,1.012640270891219,0.016850692221262717,-0.18505391979420038,True
rock,2015,2019,2015_2019,952,-0.1801266785678675,0.30561225661171665,0.038913102874750256,0.09247651178716458,0.2119217742696883,0.08122906618709519,-0.012538301977969334,True
samba,2015,2019,2015_2019,106,0.3348573140605612,-0.3748499135766555,-0.0534135958459584,0.03634859340919428,0.8925287700445889,-0.11675645418059868,-0.1544538924378583,True
shoegaze,2015,2019,2015_2019,524,-0.6070942519667132,0.10051084320694476,-0.04674326600383715,0.24117465332729937,-0.26940915039003127,0.10929577527962887,0.26552392356181287,True
singer-songwriter,2015,2019,2015_2019,1302,-0.033024323214443055,-0.8807498502422788,0.017453822791780683,0.165609100973171,-0.17941584816612835,-0.17803692901073773,0.014180734700671625,True
soft rock,2015,2019,2015_2019,64,0.29237855886767516,-0.27369377533578376,0.10521329073191878,0.3150499550241231,0.5095324638462422,-0.10165270963343852,0.027295350449667743,True
soul,2015,2019,2015_2019,1070,0.2724390951993712,-0.5279236888097011,0.06285726177678713,-0.1828761192655457,0.06856367612056836,-0.2147120650504447,-0.11141413162937638,True
soundtrack,2015,2019,2015_2019,480,-0.6432882440447877,-1.0550145996353792,-0.043020514492707815,-0.037250990304633184,-0.5176707474887984,-0.3302377265139475,-0.44505226550770144,True
synthpop,2015,2019,2015_2019,947,0.3274839448741191,0.07253771045922913,-0.04999674601143646,-0.046927937683989486,0.12435280331810068,-0.07601953558070552,0.0283111306167224,True
thrash metal,2015,2019,2015_2019,212,-1.1118909655651028,1.206928493679209,0.018080212189141173,-0.03092414904958164,-0.6502129162721056,0.1460786874382958,0.5492061677864833,True
